3000 5997
1 2 1
2 1 2
2 3 3
3 2 4
3 4 5
4 3 6
4 5 7
5 4 8
5 6 9
6 5 10
6 7 11
7 6 12
7 8 13
8 7 14
8 9 15
9 8 16
9 10 17
10 9 18
10 11 19
11 10 20
11 12 21
12 11 22
12 13 23
13 12 24
13 14 25
14 13 26
14 15 27
15 14 28
15 16 29
16 15 30
16 17 31
17 16 32
17 18 33
18 17 34
18 19 35
19 18 36
19 20 37
20 19 38
20 21 39
21 20 40
21 22 41
22 21 42
22 23 43
23 22 44
23 24 45
24 23 46
24 25 47
25 24 48
25 26 49
26 25 50
26 27 51
27 26 52
27 28 53
28 27 54
28 29 55
29 28 56
29 30 57
30 29 58
30 31 59
31 30 60
31 32 61
32 31 62
32 33 63
33 32 64
33 34 65
34 33 66
34 35 67
35 34 68
35 36 69
36 35 70
36 37 71
37 36 72
37 38 73
38 37 74
38 39 75
39 38 76
39 40 77
40 39 78
40 41 79
41 40 80
41 42 81
42 41 82
42 43 83
43 42 84
43 44 85
44 43 86
44 45 87
45 44 88
45 46 89
46 45 90
46 47 91
47 46 92
47 48 93
48 47 94
48 49 95
49 48 96
49 50 97
50 49 98
50 51 99
51 50 100
51 52 101
52 51 102
52 53 103
53 52 104
53 54 105
54 53 106
54 55 107
55 54 108
55 56 109
56 55 110
56 57 111
57 56 112
57 58 113
58 57 114
58 59 115
59 58 116
59 60 117
60 59 118
60 61 119
61 60 120
61 62 121
62 61 122
62 63 123
63 62 124
63 64 125
64 63 126
64 65 127
65 64 128
65 66 129
66 65 130
66 67 131
67 66 132
67 68 133
68 67 134
68 69 135
69 68 136
69 70 137
70 69 138
70 71 139
71 70 140
71 72 141
72 71 142
72 73 143
73 72 144
73 74 145
74 73 146
74 75 147
75 74 148
75 76 149
76 75 150
76 77 151
77 76 152
77 78 153
78 77 154
78 79 155
79 78 156
79 80 157
80 79 158
80 81 159
81 80 160
81 82 161
82 81 162
82 83 163
83 82 164
83 84 165
84 83 166
84 85 167
85 84 168
85 86 169
86 85 170
86 87 171
87 86 172
87 88 173
88 87 174
88 89 175
89 88 176
89 90 177
90 89 178
90 91 179
91 90 180
91 92 181
92 91 182
92 93 183
93 92 184
93 94 185
94 93 186
94 95 187
95 94 188
95 96 189
96 95 190
96 97 191
97 96 192
97 98 193
98 97 194
98 99 195
99 98 196
99 100 197
100 99 198
100 101 199
101 100 200
101 102 201
102 101 202
102 103 203
103 102 204
103 104 205
104 103 206
104 105 207
105 104 208
105 106 209
106 105 210
106 107 211
107 106 212
107 108 213
108 107 214
108 109 215
109 108 216
109 110 217
110 109 218
110 111 219
111 110 220
111 112 221
112 111 222
112 113 223
113 112 224
113 114 225
114 113 226
114 115 227
115 114 228
115 116 229
116 115 230
116 117 231
117 116 232
117 118 233
118 117 234
118 119 235
119 118 236
119 120 237
120 119 238
120 121 239
121 120 240
121 122 241
122 121 242
122 123 243
123 122 244
123 124 245
124 123 246
124 125 247
125 124 248
125 126 249
126 125 250
126 127 251
127 126 252
127 128 253
128 127 254
128 129 255
129 128 256
129 130 257
130 129 258
130 131 259
131 130 260
131 132 261
132 131 262
132 133 263
133 132 264
133 134 265
134 133 266
134 135 267
135 134 268
135 136 269
136 135 270
136 137 271
137 136 272
137 138 273
138 137 274
138 139 275
139 138 276
139 140 277
140 139 278
140 141 279
141 140 280
141 142 281
142 141 282
142 143 283
143 142 284
143 144 285
144 143 286
144 145 287
145 144 288
145 146 289
146 145 290
146 147 291
147 146 292
147 148 293
148 147 294
148 149 295
149 148 296
149 150 297
150 149 298
150 151 299
151 150 300
151 152 301
152 151 302
152 153 303
153 152 304
153 154 305
154 153 306
154 155 307
155 154 308
155 156 309
156 155 310
156 157 311
157 156 312
157 158 313
158 157 314
158 159 315
159 158 316
159 160 317
160 159 318
160 161 319
161 160 320
161 162 321
162 161 322
162 163 323
163 162 324
163 164 325
164 163 326
164 165 327
165 164 328
165 166 329
166 165 330
166 167 331
167 166 332
167 168 333
168 167 334
168 169 335
169 168 336
169 170 337
170 169 338
170 171 339
171 170 340
171 172 341
172 171 342
172 173 343
173 172 344
173 174 345
174 173 346
174 175 347
175 174 348
175 176 349
176 175 350
176 177 351
177 176 352
177 178 353
178 177 354
178 179 355
179 178 356
179 180 357
180 179 358
180 181 359
181 180 360
181 182 361
182 181 362
182 183 363
183 182 364
183 184 365
184 183 366
184 185 367
185 184 368
185 186 369
186 185 370
186 187 371
187 186 372
187 188 373
188 187 374
188 189 375
189 188 376
189 190 377
190 189 378
190 191 379
191 190 380
191 192 381
192 191 382
192 193 383
193 192 384
193 194 385
194 193 386
194 195 387
195 194 388
195 196 389
196 195 390
196 197 391
197 196 392
197 198 393
198 197 394
198 199 395
199 198 396
199 200 397
200 199 398
200 201 399
201 200 400
201 202 401
202 201 402
202 203 403
203 202 404
203 204 405
204 203 406
204 205 407
205 204 408
205 206 409
206 205 410
206 207 411
207 206 412
207 208 413
208 207 414
208 209 415
209 208 416
209 210 417
210 209 418
210 211 419
211 210 420
211 212 421
212 211 422
212 213 423
213 212 424
213 214 425
214 213 426
214 215 427
215 214 428
215 216 429
216 215 430
216 217 431
217 216 432
217 218 433
218 217 434
218 219 435
219 218 436
219 220 437
220 219 438
220 221 439
221 220 440
221 222 441
222 221 442
222 223 443
223 222 444
223 224 445
224 223 446
224 225 447
225 224 448
225 226 449
226 225 450
226 227 451
227 226 452
227 228 453
228 227 454
228 229 455
229 228 456
229 230 457
230 229 458
230 231 459
231 230 460
231 232 461
232 231 462
232 233 463
233 232 464
233 234 465
234 233 466
234 235 467
235 234 468
235 236 469
236 235 470
236 237 471
237 236 472
237 238 473
238 237 474
238 239 475
239 238 476
239 240 477
240 239 478
240 241 479
241 240 480
241 242 481
242 241 482
242 243 483
243 242 484
243 244 485
244 243 486
244 245 487
245 244 488
245 246 489
246 245 490
246 247 491
247 246 492
247 248 493
248 247 494
248 249 495
249 248 496
249 250 497
250 249 498
250 251 499
251 250 500
251 252 501
252 251 502
252 253 503
253 252 504
253 254 505
254 253 506
254 255 507
255 254 508
255 256 509
256 255 510
256 257 511
257 256 512
257 258 513
258 257 514
258 259 515
259 258 516
259 260 517
260 259 518
260 261 519
261 260 520
261 262 521
262 261 522
262 263 523
263 262 524
263 264 525
264 263 526
264 265 527
265 264 528
265 266 529
266 265 530
266 267 531
267 266 532
267 268 533
268 267 534
268 269 535
269 268 536
269 270 537
270 269 538
270 271 539
271 270 540
271 272 541
272 271 542
272 273 543
273 272 544
273 274 545
274 273 546
274 275 547
275 274 548
275 276 549
276 275 550
276 277 551
277 276 552
277 278 553
278 277 554
278 279 555
279 278 556
279 280 557
280 279 558
280 281 559
281 280 560
281 282 561
282 281 562
282 283 563
283 282 564
283 284 565
284 283 566
284 285 567
285 284 568
285 286 569
286 285 570
286 287 571
287 286 572
287 288 573
288 287 574
288 289 575
289 288 576
289 290 577
290 289 578
290 291 579
291 290 580
291 292 581
292 291 582
292 293 583
293 292 584
293 294 585
294 293 586
294 295 587
295 294 588
295 296 589
296 295 590
296 297 591
297 296 592
297 298 593
298 297 594
298 299 595
299 298 596
299 300 597
300 299 598
300 301 599
301 300 600
301 302 601
302 301 602
302 303 603
303 302 604
303 304 605
304 303 606
304 305 607
305 304 608
305 306 609
306 305 610
306 307 611
307 306 612
307 308 613
308 307 614
308 309 615
309 308 616
309 310 617
310 309 618
310 311 619
311 310 620
311 312 621
312 311 622
312 313 623
313 312 624
313 314 625
314 313 626
314 315 627
315 314 628
315 316 629
316 315 630
316 317 631
317 316 632
317 318 633
318 317 634
318 319 635
319 318 636
319 320 637
320 319 638
320 321 639
321 320 640
321 322 641
322 321 642
322 323 643
323 322 644
323 324 645
324 323 646
324 325 647
325 324 648
325 326 649
326 325 650
326 327 651
327 326 652
327 328 653
328 327 654
328 329 655
329 328 656
329 330 657
330 329 658
330 331 659
331 330 660
331 332 661
332 331 662
332 333 663
333 332 664
333 334 665
334 333 666
334 335 667
335 334 668
335 336 669
336 335 670
336 337 671
337 336 672
337 338 673
338 337 674
338 339 675
339 338 676
339 340 677
340 339 678
340 341 679
341 340 680
341 342 681
342 341 682
342 343 683
343 342 684
343 344 685
344 343 686
344 345 687
345 344 688
345 346 689
346 345 690
346 347 691
347 346 692
347 348 693
348 347 694
348 349 695
349 348 696
349 350 697
350 349 698
350 351 699
351 350 700
351 352 701
352 351 702
352 353 703
353 352 704
353 354 705
354 353 706
354 355 707
355 354 708
355 356 709
356 355 710
356 357 711
357 356 712
357 358 713
358 357 714
358 359 715
359 358 716
359 360 717
360 359 718
360 361 719
361 360 720
361 362 721
362 361 722
362 363 723
363 362 724
363 364 725
364 363 726
364 365 727
365 364 728
365 366 729
366 365 730
366 367 731
367 366 732
367 368 733
368 367 734
368 369 735
369 368 736
369 370 737
370 369 738
370 371 739
371 370 740
371 372 741
372 371 742
372 373 743
373 372 744
373 374 745
374 373 746
374 375 747
375 374 748
375 376 749
376 375 750
376 377 751
377 376 752
377 378 753
378 377 754
378 379 755
379 378 756
379 380 757
380 379 758
380 381 759
381 380 760
381 382 761
382 381 762
382 383 763
383 382 764
383 384 765
384 383 766
384 385 767
385 384 768
385 386 769
386 385 770
386 387 771
387 386 772
387 388 773
388 387 774
388 389 775
389 388 776
389 390 777
390 389 778
390 391 779
391 390 780
391 392 781
392 391 782
392 393 783
393 392 784
393 394 785
394 393 786
394 395 787
395 394 788
395 396 789
396 395 790
396 397 791
397 396 792
397 398 793
398 397 794
398 399 795
399 398 796
399 400 797
400 399 798
400 401 799
401 400 800
401 402 801
402 401 802
402 403 803
403 402 804
403 404 805
404 403 806
404 405 807
405 404 808
405 406 809
406 405 810
406 407 811
407 406 812
407 408 813
408 407 814
408 409 815
409 408 816
409 410 817
410 409 818
410 411 819
411 410 820
411 412 821
412 411 822
412 413 823
413 412 824
413 414 825
414 413 826
414 415 827
415 414 828
415 416 829
416 415 830
416 417 831
417 416 832
417 418 833
418 417 834
418 419 835
419 418 836
419 420 837
420 419 838
420 421 839
421 420 840
421 422 841
422 421 842
422 423 843
423 422 844
423 424 845
424 423 846
424 425 847
425 424 848
425 426 849
426 425 850
426 427 851
427 426 852
427 428 853
428 427 854
428 429 855
429 428 856
429 430 857
430 429 858
430 431 859
431 430 860
431 432 861
432 431 862
432 433 863
433 432 864
433 434 865
434 433 866
434 435 867
435 434 868
435 436 869
436 435 870
436 437 871
437 436 872
437 438 873
438 437 874
438 439 875
439 438 876
439 440 877
440 439 878
440 441 879
441 440 880
441 442 881
442 441 882
442 443 883
443 442 884
443 444 885
444 443 886
444 445 887
445 444 888
445 446 889
446 445 890
446 447 891
447 446 892
447 448 893
448 447 894
448 449 895
449 448 896
449 450 897
450 449 898
450 451 899
451 450 900
451 452 901
452 451 902
452 453 903
453 452 904
453 454 905
454 453 906
454 455 907
455 454 908
455 456 909
456 455 910
456 457 911
457 456 912
457 458 913
458 457 914
458 459 915
459 458 916
459 460 917
460 459 918
460 461 919
461 460 920
461 462 921
462 461 922
462 463 923
463 462 924
463 464 925
464 463 926
464 465 927
465 464 928
465 466 929
466 465 930
466 467 931
467 466 932
467 468 933
468 467 934
468 469 935
469 468 936
469 470 937
470 469 938
470 471 939
471 470 940
471 472 941
472 471 942
472 473 943
473 472 944
473 474 945
474 473 946
474 475 947
475 474 948
475 476 949
476 475 950
476 477 951
477 476 952
477 478 953
478 477 954
478 479 955
479 478 956
479 480 957
480 479 958
480 481 959
481 480 960
481 482 961
482 481 962
482 483 963
483 482 964
483 484 965
484 483 966
484 485 967
485 484 968
485 486 969
486 485 970
486 487 971
487 486 972
487 488 973
488 487 974
488 489 975
489 488 976
489 490 977
490 489 978
490 491 979
491 490 980
491 492 981
492 491 982
492 493 983
493 492 984
493 494 985
494 493 986
494 495 987
495 494 988
495 496 989
496 495 990
496 497 991
497 496 992
497 498 993
498 497 994
498 499 995
499 498 996
499 500 997
500 499 998
500 501 999
501 500 1000
501 502 1001
502 501 1002
502 503 1003
503 502 1004
503 504 1005
504 503 1006
504 505 1007
505 504 1008
505 506 1009
506 505 1010
506 507 1011
507 506 1012
507 508 1013
508 507 1014
508 509 1015
509 508 1016
509 510 1017
510 509 1018
510 511 1019
511 510 1020
511 512 1021
512 511 1022
512 513 1023
513 512 1024
513 514 1025
514 513 1026
514 515 1027
515 514 1028
515 516 1029
516 515 1030
516 517 1031
517 516 1032
517 518 1033
518 517 1034
518 519 1035
519 518 1036
519 520 1037
520 519 1038
520 521 1039
521 520 1040
521 522 1041
522 521 1042
522 523 1043
523 522 1044
523 524 1045
524 523 1046
524 525 1047
525 524 1048
525 526 1049
526 525 1050
526 527 1051
527 526 1052
527 528 1053
528 527 1054
528 529 1055
529 528 1056
529 530 1057
530 529 1058
530 531 1059
531 530 1060
531 532 1061
532 531 1062
532 533 1063
533 532 1064
533 534 1065
534 533 1066
534 535 1067
535 534 1068
535 536 1069
536 535 1070
536 537 1071
537 536 1072
537 538 1073
538 537 1074
538 539 1075
539 538 1076
539 540 1077
540 539 1078
540 541 1079
541 540 1080
541 542 1081
542 541 1082
542 543 1083
543 542 1084
543 544 1085
544 543 1086
544 545 1087
545 544 1088
545 546 1089
546 545 1090
546 547 1091
547 546 1092
547 548 1093
548 547 1094
548 549 1095
549 548 1096
549 550 1097
550 549 1098
550 551 1099
551 550 1100
551 552 1101
552 551 1102
552 553 1103
553 552 1104
553 554 1105
554 553 1106
554 555 1107
555 554 1108
555 556 1109
556 555 1110
556 557 1111
557 556 1112
557 558 1113
558 557 1114
558 559 1115
559 558 1116
559 560 1117
560 559 1118
560 561 1119
561 560 1120
561 562 1121
562 561 1122
562 563 1123
563 562 1124
563 564 1125
564 563 1126
564 565 1127
565 564 1128
565 566 1129
566 565 1130
566 567 1131
567 566 1132
567 568 1133
568 567 1134
568 569 1135
569 568 1136
569 570 1137
570 569 1138
570 571 1139
571 570 1140
571 572 1141
572 571 1142
572 573 1143
573 572 1144
573 574 1145
574 573 1146
574 575 1147
575 574 1148
575 576 1149
576 575 1150
576 577 1151
577 576 1152
577 578 1153
578 577 1154
578 579 1155
579 578 1156
579 580 1157
580 579 1158
580 581 1159
581 580 1160
581 582 1161
582 581 1162
582 583 1163
583 582 1164
583 584 1165
584 583 1166
584 585 1167
585 584 1168
585 586 1169
586 585 1170
586 587 1171
587 586 1172
587 588 1173
588 587 1174
588 589 1175
589 588 1176
589 590 1177
590 589 1178
590 591 1179
591 590 1180
591 592 1181
592 591 1182
592 593 1183
593 592 1184
593 594 1185
594 593 1186
594 595 1187
595 594 1188
595 596 1189
596 595 1190
596 597 1191
597 596 1192
597 598 1193
598 597 1194
598 599 1195
599 598 1196
599 600 1197
600 599 1198
600 601 1199
601 600 1200
601 602 1201
602 601 1202
602 603 1203
603 602 1204
603 604 1205
604 603 1206
604 605 1207
605 604 1208
605 606 1209
606 605 1210
606 607 1211
607 606 1212
607 608 1213
608 607 1214
608 609 1215
609 608 1216
609 610 1217
610 609 1218
610 611 1219
611 610 1220
611 612 1221
612 611 1222
612 613 1223
613 612 1224
613 614 1225
614 613 1226
614 615 1227
615 614 1228
615 616 1229
616 615 1230
616 617 1231
617 616 1232
617 618 1233
618 617 1234
618 619 1235
619 618 1236
619 620 1237
620 619 1238
620 621 1239
621 620 1240
621 622 1241
622 621 1242
622 623 1243
623 622 1244
623 624 1245
624 623 1246
624 625 1247
625 624 1248
625 626 1249
626 625 1250
626 627 1251
627 626 1252
627 628 1253
628 627 1254
628 629 1255
629 628 1256
629 630 1257
630 629 1258
630 631 1259
631 630 1260
631 632 1261
632 631 1262
632 633 1263
633 632 1264
633 634 1265
634 633 1266
634 635 1267
635 634 1268
635 636 1269
636 635 1270
636 637 1271
637 636 1272
637 638 1273
638 637 1274
638 639 1275
639 638 1276
639 640 1277
640 639 1278
640 641 1279
641 640 1280
641 642 1281
642 641 1282
642 643 1283
643 642 1284
643 644 1285
644 643 1286
644 645 1287
645 644 1288
645 646 1289
646 645 1290
646 647 1291
647 646 1292
647 648 1293
648 647 1294
648 649 1295
649 648 1296
649 650 1297
650 649 1298
650 651 1299
651 650 1300
651 652 1301
652 651 1302
652 653 1303
653 652 1304
653 654 1305
654 653 1306
654 655 1307
655 654 1308
655 656 1309
656 655 1310
656 657 1311
657 656 1312
657 658 1313
658 657 1314
658 659 1315
659 658 1316
659 660 1317
660 659 1318
660 661 1319
661 660 1320
661 662 1321
662 661 1322
662 663 1323
663 662 1324
663 664 1325
664 663 1326
664 665 1327
665 664 1328
665 666 1329
666 665 1330
666 667 1331
667 666 1332
667 668 1333
668 667 1334
668 669 1335
669 668 1336
669 670 1337
670 669 1338
670 671 1339
671 670 1340
671 672 1341
672 671 1342
672 673 1343
673 672 1344
673 674 1345
674 673 1346
674 675 1347
675 674 1348
675 676 1349
676 675 1350
676 677 1351
677 676 1352
677 678 1353
678 677 1354
678 679 1355
679 678 1356
679 680 1357
680 679 1358
680 681 1359
681 680 1360
681 682 1361
682 681 1362
682 683 1363
683 682 1364
683 684 1365
684 683 1366
684 685 1367
685 684 1368
685 686 1369
686 685 1370
686 687 1371
687 686 1372
687 688 1373
688 687 1374
688 689 1375
689 688 1376
689 690 1377
690 689 1378
690 691 1379
691 690 1380
691 692 1381
692 691 1382
692 693 1383
693 692 1384
693 694 1385
694 693 1386
694 695 1387
695 694 1388
695 696 1389
696 695 1390
696 697 1391
697 696 1392
697 698 1393
698 697 1394
698 699 1395
699 698 1396
699 700 1397
700 699 1398
700 701 1399
701 700 1400
701 702 1401
702 701 1402
702 703 1403
703 702 1404
703 704 1405
704 703 1406
704 705 1407
705 704 1408
705 706 1409
706 705 1410
706 707 1411
707 706 1412
707 708 1413
708 707 1414
708 709 1415
709 708 1416
709 710 1417
710 709 1418
710 711 1419
711 710 1420
711 712 1421
712 711 1422
712 713 1423
713 712 1424
713 714 1425
714 713 1426
714 715 1427
715 714 1428
715 716 1429
716 715 1430
716 717 1431
717 716 1432
717 718 1433
718 717 1434
718 719 1435
719 718 1436
719 720 1437
720 719 1438
720 721 1439
721 720 1440
721 722 1441
722 721 1442
722 723 1443
723 722 1444
723 724 1445
724 723 1446
724 725 1447
725 724 1448
725 726 1449
726 725 1450
726 727 1451
727 726 1452
727 728 1453
728 727 1454
728 729 1455
729 728 1456
729 730 1457
730 729 1458
730 731 1459
731 730 1460
731 732 1461
732 731 1462
732 733 1463
733 732 1464
733 734 1465
734 733 1466
734 735 1467
735 734 1468
735 736 1469
736 735 1470
736 737 1471
737 736 1472
737 738 1473
738 737 1474
738 739 1475
739 738 1476
739 740 1477
740 739 1478
740 741 1479
741 740 1480
741 742 1481
742 741 1482
742 743 1483
743 742 1484
743 744 1485
744 743 1486
744 745 1487
745 744 1488
745 746 1489
746 745 1490
746 747 1491
747 746 1492
747 748 1493
748 747 1494
748 749 1495
749 748 1496
749 750 1497
750 749 1498
750 751 1499
751 750 1500
751 752 1501
752 751 1502
752 753 1503
753 752 1504
753 754 1505
754 753 1506
754 755 1507
755 754 1508
755 756 1509
756 755 1510
756 757 1511
757 756 1512
757 758 1513
758 757 1514
758 759 1515
759 758 1516
759 760 1517
760 759 1518
760 761 1519
761 760 1520
761 762 1521
762 761 1522
762 763 1523
763 762 1524
763 764 1525
764 763 1526
764 765 1527
765 764 1528
765 766 1529
766 765 1530
766 767 1531
767 766 1532
767 768 1533
768 767 1534
768 769 1535
769 768 1536
769 770 1537
770 769 1538
770 771 1539
771 770 1540
771 772 1541
772 771 1542
772 773 1543
773 772 1544
773 774 1545
774 773 1546
774 775 1547
775 774 1548
775 776 1549
776 775 1550
776 777 1551
777 776 1552
777 778 1553
778 777 1554
778 779 1555
779 778 1556
779 780 1557
780 779 1558
780 781 1559
781 780 1560
781 782 1561
782 781 1562
782 783 1563
783 782 1564
783 784 1565
784 783 1566
784 785 1567
785 784 1568
785 786 1569
786 785 1570
786 787 1571
787 786 1572
787 788 1573
788 787 1574
788 789 1575
789 788 1576
789 790 1577
790 789 1578
790 791 1579
791 790 1580
791 792 1581
792 791 1582
792 793 1583
793 792 1584
793 794 1585
794 793 1586
794 795 1587
795 794 1588
795 796 1589
796 795 1590
796 797 1591
797 796 1592
797 798 1593
798 797 1594
798 799 1595
799 798 1596
799 800 1597
800 799 1598
800 801 1599
801 800 1600
801 802 1601
802 801 1602
802 803 1603
803 802 1604
803 804 1605
804 803 1606
804 805 1607
805 804 1608
805 806 1609
806 805 1610
806 807 1611
807 806 1612
807 808 1613
808 807 1614
808 809 1615
809 808 1616
809 810 1617
810 809 1618
810 811 1619
811 810 1620
811 812 1621
812 811 1622
812 813 1623
813 812 1624
813 814 1625
814 813 1626
814 815 1627
815 814 1628
815 816 1629
816 815 1630
816 817 1631
817 816 1632
817 818 1633
818 817 1634
818 819 1635
819 818 1636
819 820 1637
820 819 1638
820 821 1639
821 820 1640
821 822 1641
822 821 1642
822 823 1643
823 822 1644
823 824 1645
824 823 1646
824 825 1647
825 824 1648
825 826 1649
826 825 1650
826 827 1651
827 826 1652
827 828 1653
828 827 1654
828 829 1655
829 828 1656
829 830 1657
830 829 1658
830 831 1659
831 830 1660
831 832 1661
832 831 1662
832 833 1663
833 832 1664
833 834 1665
834 833 1666
834 835 1667
835 834 1668
835 836 1669
836 835 1670
836 837 1671
837 836 1672
837 838 1673
838 837 1674
838 839 1675
839 838 1676
839 840 1677
840 839 1678
840 841 1679
841 840 1680
841 842 1681
842 841 1682
842 843 1683
843 842 1684
843 844 1685
844 843 1686
844 845 1687
845 844 1688
845 846 1689
846 845 1690
846 847 1691
847 846 1692
847 848 1693
848 847 1694
848 849 1695
849 848 1696
849 850 1697
850 849 1698
850 851 1699
851 850 1700
851 852 1701
852 851 1702
852 853 1703
853 852 1704
853 854 1705
854 853 1706
854 855 1707
855 854 1708
855 856 1709
856 855 1710
856 857 1711
857 856 1712
857 858 1713
858 857 1714
858 859 1715
859 858 1716
859 860 1717
860 859 1718
860 861 1719
861 860 1720
861 862 1721
862 861 1722
862 863 1723
863 862 1724
863 864 1725
864 863 1726
864 865 1727
865 864 1728
865 866 1729
866 865 1730
866 867 1731
867 866 1732
867 868 1733
868 867 1734
868 869 1735
869 868 1736
869 870 1737
870 869 1738
870 871 1739
871 870 1740
871 872 1741
872 871 1742
872 873 1743
873 872 1744
873 874 1745
874 873 1746
874 875 1747
875 874 1748
875 876 1749
876 875 1750
876 877 1751
877 876 1752
877 878 1753
878 877 1754
878 879 1755
879 878 1756
879 880 1757
880 879 1758
880 881 1759
881 880 1760
881 882 1761
882 881 1762
882 883 1763
883 882 1764
883 884 1765
884 883 1766
884 885 1767
885 884 1768
885 886 1769
886 885 1770
886 887 1771
887 886 1772
887 888 1773
888 887 1774
888 889 1775
889 888 1776
889 890 1777
890 889 1778
890 891 1779
891 890 1780
891 892 1781
892 891 1782
892 893 1783
893 892 1784
893 894 1785
894 893 1786
894 895 1787
895 894 1788
895 896 1789
896 895 1790
896 897 1791
897 896 1792
897 898 1793
898 897 1794
898 899 1795
899 898 1796
899 900 1797
900 899 1798
900 901 1799
901 900 1800
901 902 1801
902 901 1802
902 903 1803
903 902 1804
903 904 1805
904 903 1806
904 905 1807
905 904 1808
905 906 1809
906 905 1810
906 907 1811
907 906 1812
907 908 1813
908 907 1814
908 909 1815
909 908 1816
909 910 1817
910 909 1818
910 911 1819
911 910 1820
911 912 1821
912 911 1822
912 913 1823
913 912 1824
913 914 1825
914 913 1826
914 915 1827
915 914 1828
915 916 1829
916 915 1830
916 917 1831
917 916 1832
917 918 1833
918 917 1834
918 919 1835
919 918 1836
919 920 1837
920 919 1838
920 921 1839
921 920 1840
921 922 1841
922 921 1842
922 923 1843
923 922 1844
923 924 1845
924 923 1846
924 925 1847
925 924 1848
925 926 1849
926 925 1850
926 927 1851
927 926 1852
927 928 1853
928 927 1854
928 929 1855
929 928 1856
929 930 1857
930 929 1858
930 931 1859
931 930 1860
931 932 1861
932 931 1862
932 933 1863
933 932 1864
933 934 1865
934 933 1866
934 935 1867
935 934 1868
935 936 1869
936 935 1870
936 937 1871
937 936 1872
937 938 1873
938 937 1874
938 939 1875
939 938 1876
939 940 1877
940 939 1878
940 941 1879
941 940 1880
941 942 1881
942 941 1882
942 943 1883
943 942 1884
943 944 1885
944 943 1886
944 945 1887
945 944 1888
945 946 1889
946 945 1890
946 947 1891
947 946 1892
947 948 1893
948 947 1894
948 949 1895
949 948 1896
949 950 1897
950 949 1898
950 951 1899
951 950 1900
951 952 1901
952 951 1902
952 953 1903
953 952 1904
953 954 1905
954 953 1906
954 955 1907
955 954 1908
955 956 1909
956 955 1910
956 957 1911
957 956 1912
957 958 1913
958 957 1914
958 959 1915
959 958 1916
959 960 1917
960 959 1918
960 961 1919
961 960 1920
961 962 1921
962 961 1922
962 963 1923
963 962 1924
963 964 1925
964 963 1926
964 965 1927
965 964 1928
965 966 1929
966 965 1930
966 967 1931
967 966 1932
967 968 1933
968 967 1934
968 969 1935
969 968 1936
969 970 1937
970 969 1938
970 971 1939
971 970 1940
971 972 1941
972 971 1942
972 973 1943
973 972 1944
973 974 1945
974 973 1946
974 975 1947
975 974 1948
975 976 1949
976 975 1950
976 977 1951
977 976 1952
977 978 1953
978 977 1954
978 979 1955
979 978 1956
979 980 1957
980 979 1958
980 981 1959
981 980 1960
981 982 1961
982 981 1962
982 983 1963
983 982 1964
983 984 1965
984 983 1966
984 985 1967
985 984 1968
985 986 1969
986 985 1970
986 987 1971
987 986 1972
987 988 1973
988 987 1974
988 989 1975
989 988 1976
989 990 1977
990 989 1978
990 991 1979
991 990 1980
991 992 1981
992 991 1982
992 993 1983
993 992 1984
993 994 1985
994 993 1986
994 995 1987
995 994 1988
995 996 1989
996 995 1990
996 997 1991
997 996 1992
997 998 1993
998 997 1994
998 999 1995
999 998 1996
999 1000 1997
1000 999 1998
1000 1001 1999
1001 1000 2000
1001 1002 2001
1002 1001 2002
1002 1003 2003
1003 1002 2004
1003 1004 2005
1004 1003 2006
1004 1005 2007
1005 1004 2008
1005 1006 2009
1006 1005 2010
1006 1007 2011
1007 1006 2012
1007 1008 2013
1008 1007 2014
1008 1009 2015
1009 1008 2016
1009 1010 2017
1010 1009 2018
1010 1011 2019
1011 1010 2020
1011 1012 2021
1012 1011 2022
1012 1013 2023
1013 1012 2024
1013 1014 2025
1014 1013 2026
1014 1015 2027
1015 1014 2028
1015 1016 2029
1016 1015 2030
1016 1017 2031
1017 1016 2032
1017 1018 2033
1018 1017 2034
1018 1019 2035
1019 1018 2036
1019 1020 2037
1020 1019 2038
1020 1021 2039
1021 1020 2040
1021 1022 2041
1022 1021 2042
1022 1023 2043
1023 1022 2044
1023 1024 2045
1024 1023 2046
1024 1025 2047
1025 1024 2048
1025 1026 2049
1026 1025 2050
1026 1027 2051
1027 1026 2052
1027 1028 2053
1028 1027 2054
1028 1029 2055
1029 1028 2056
1029 1030 2057
1030 1029 2058
1030 1031 2059
1031 1030 2060
1031 1032 2061
1032 1031 2062
1032 1033 2063
1033 1032 2064
1033 1034 2065
1034 1033 2066
1034 1035 2067
1035 1034 2068
1035 1036 2069
1036 1035 2070
1036 1037 2071
1037 1036 2072
1037 1038 2073
1038 1037 2074
1038 1039 2075
1039 1038 2076
1039 1040 2077
1040 1039 2078
1040 1041 2079
1041 1040 2080
1041 1042 2081
1042 1041 2082
1042 1043 2083
1043 1042 2084
1043 1044 2085
1044 1043 2086
1044 1045 2087
1045 1044 2088
1045 1046 2089
1046 1045 2090
1046 1047 2091
1047 1046 2092
1047 1048 2093
1048 1047 2094
1048 1049 2095
1049 1048 2096
1049 1050 2097
1050 1049 2098
1050 1051 2099
1051 1050 2100
1051 1052 2101
1052 1051 2102
1052 1053 2103
1053 1052 2104
1053 1054 2105
1054 1053 2106
1054 1055 2107
1055 1054 2108
1055 1056 2109
1056 1055 2110
1056 1057 2111
1057 1056 2112
1057 1058 2113
1058 1057 2114
1058 1059 2115
1059 1058 2116
1059 1060 2117
1060 1059 2118
1060 1061 2119
1061 1060 2120
1061 1062 2121
1062 1061 2122
1062 1063 2123
1063 1062 2124
1063 1064 2125
1064 1063 2126
1064 1065 2127
1065 1064 2128
1065 1066 2129
1066 1065 2130
1066 1067 2131
1067 1066 2132
1067 1068 2133
1068 1067 2134
1068 1069 2135
1069 1068 2136
1069 1070 2137
1070 1069 2138
1070 1071 2139
1071 1070 2140
1071 1072 2141
1072 1071 2142
1072 1073 2143
1073 1072 2144
1073 1074 2145
1074 1073 2146
1074 1075 2147
1075 1074 2148
1075 1076 2149
1076 1075 2150
1076 1077 2151
1077 1076 2152
1077 1078 2153
1078 1077 2154
1078 1079 2155
1079 1078 2156
1079 1080 2157
1080 1079 2158
1080 1081 2159
1081 1080 2160
1081 1082 2161
1082 1081 2162
1082 1083 2163
1083 1082 2164
1083 1084 2165
1084 1083 2166
1084 1085 2167
1085 1084 2168
1085 1086 2169
1086 1085 2170
1086 1087 2171
1087 1086 2172
1087 1088 2173
1088 1087 2174
1088 1089 2175
1089 1088 2176
1089 1090 2177
1090 1089 2178
1090 1091 2179
1091 1090 2180
1091 1092 2181
1092 1091 2182
1092 1093 2183
1093 1092 2184
1093 1094 2185
1094 1093 2186
1094 1095 2187
1095 1094 2188
1095 1096 2189
1096 1095 2190
1096 1097 2191
1097 1096 2192
1097 1098 2193
1098 1097 2194
1098 1099 2195
1099 1098 2196
1099 1100 2197
1100 1099 2198
1100 1101 2199
1101 1100 2200
1101 1102 2201
1102 1101 2202
1102 1103 2203
1103 1102 2204
1103 1104 2205
1104 1103 2206
1104 1105 2207
1105 1104 2208
1105 1106 2209
1106 1105 2210
1106 1107 2211
1107 1106 2212
1107 1108 2213
1108 1107 2214
1108 1109 2215
1109 1108 2216
1109 1110 2217
1110 1109 2218
1110 1111 2219
1111 1110 2220
1111 1112 2221
1112 1111 2222
1112 1113 2223
1113 1112 2224
1113 1114 2225
1114 1113 2226
1114 1115 2227
1115 1114 2228
1115 1116 2229
1116 1115 2230
1116 1117 2231
1117 1116 2232
1117 1118 2233
1118 1117 2234
1118 1119 2235
1119 1118 2236
1119 1120 2237
1120 1119 2238
1120 1121 2239
1121 1120 2240
1121 1122 2241
1122 1121 2242
1122 1123 2243
1123 1122 2244
1123 1124 2245
1124 1123 2246
1124 1125 2247
1125 1124 2248
1125 1126 2249
1126 1125 2250
1126 1127 2251
1127 1126 2252
1127 1128 2253
1128 1127 2254
1128 1129 2255
1129 1128 2256
1129 1130 2257
1130 1129 2258
1130 1131 2259
1131 1130 2260
1131 1132 2261
1132 1131 2262
1132 1133 2263
1133 1132 2264
1133 1134 2265
1134 1133 2266
1134 1135 2267
1135 1134 2268
1135 1136 2269
1136 1135 2270
1136 1137 2271
1137 1136 2272
1137 1138 2273
1138 1137 2274
1138 1139 2275
1139 1138 2276
1139 1140 2277
1140 1139 2278
1140 1141 2279
1141 1140 2280
1141 1142 2281
1142 1141 2282
1142 1143 2283
1143 1142 2284
1143 1144 2285
1144 1143 2286
1144 1145 2287
1145 1144 2288
1145 1146 2289
1146 1145 2290
1146 1147 2291
1147 1146 2292
1147 1148 2293
1148 1147 2294
1148 1149 2295
1149 1148 2296
1149 1150 2297
1150 1149 2298
1150 1151 2299
1151 1150 2300
1151 1152 2301
1152 1151 2302
1152 1153 2303
1153 1152 2304
1153 1154 2305
1154 1153 2306
1154 1155 2307
1155 1154 2308
1155 1156 2309
1156 1155 2310
1156 1157 2311
1157 1156 2312
1157 1158 2313
1158 1157 2314
1158 1159 2315
1159 1158 2316
1159 1160 2317
1160 1159 2318
1160 1161 2319
1161 1160 2320
1161 1162 2321
1162 1161 2322
1162 1163 2323
1163 1162 2324
1163 1164 2325
1164 1163 2326
1164 1165 2327
1165 1164 2328
1165 1166 2329
1166 1165 2330
1166 1167 2331
1167 1166 2332
1167 1168 2333
1168 1167 2334
1168 1169 2335
1169 1168 2336
1169 1170 2337
1170 1169 2338
1170 1171 2339
1171 1170 2340
1171 1172 2341
1172 1171 2342
1172 1173 2343
1173 1172 2344
1173 1174 2345
1174 1173 2346
1174 1175 2347
1175 1174 2348
1175 1176 2349
1176 1175 2350
1176 1177 2351
1177 1176 2352
1177 1178 2353
1178 1177 2354
1178 1179 2355
1179 1178 2356
1179 1180 2357
1180 1179 2358
1180 1181 2359
1181 1180 2360
1181 1182 2361
1182 1181 2362
1182 1183 2363
1183 1182 2364
1183 1184 2365
1184 1183 2366
1184 1185 2367
1185 1184 2368
1185 1186 2369
1186 1185 2370
1186 1187 2371
1187 1186 2372
1187 1188 2373
1188 1187 2374
1188 1189 2375
1189 1188 2376
1189 1190 2377
1190 1189 2378
1190 1191 2379
1191 1190 2380
1191 1192 2381
1192 1191 2382
1192 1193 2383
1193 1192 2384
1193 1194 2385
1194 1193 2386
1194 1195 2387
1195 1194 2388
1195 1196 2389
1196 1195 2390
1196 1197 2391
1197 1196 2392
1197 1198 2393
1198 1197 2394
1198 1199 2395
1199 1198 2396
1199 1200 2397
1200 1199 2398
1200 1201 2399
1201 1200 2400
1201 1202 2401
1202 1201 2402
1202 1203 2403
1203 1202 2404
1203 1204 2405
1204 1203 2406
1204 1205 2407
1205 1204 2408
1205 1206 2409
1206 1205 2410
1206 1207 2411
1207 1206 2412
1207 1208 2413
1208 1207 2414
1208 1209 2415
1209 1208 2416
1209 1210 2417
1210 1209 2418
1210 1211 2419
1211 1210 2420
1211 1212 2421
1212 1211 2422
1212 1213 2423
1213 1212 2424
1213 1214 2425
1214 1213 2426
1214 1215 2427
1215 1214 2428
1215 1216 2429
1216 1215 2430
1216 1217 2431
1217 1216 2432
1217 1218 2433
1218 1217 2434
1218 1219 2435
1219 1218 2436
1219 1220 2437
1220 1219 2438
1220 1221 2439
1221 1220 2440
1221 1222 2441
1222 1221 2442
1222 1223 2443
1223 1222 2444
1223 1224 2445
1224 1223 2446
1224 1225 2447
1225 1224 2448
1225 1226 2449
1226 1225 2450
1226 1227 2451
1227 1226 2452
1227 1228 2453
1228 1227 2454
1228 1229 2455
1229 1228 2456
1229 1230 2457
1230 1229 2458
1230 1231 2459
1231 1230 2460
1231 1232 2461
1232 1231 2462
1232 1233 2463
1233 1232 2464
1233 1234 2465
1234 1233 2466
1234 1235 2467
1235 1234 2468
1235 1236 2469
1236 1235 2470
1236 1237 2471
1237 1236 2472
1237 1238 2473
1238 1237 2474
1238 1239 2475
1239 1238 2476
1239 1240 2477
1240 1239 2478
1240 1241 2479
1241 1240 2480
1241 1242 2481
1242 1241 2482
1242 1243 2483
1243 1242 2484
1243 1244 2485
1244 1243 2486
1244 1245 2487
1245 1244 2488
1245 1246 2489
1246 1245 2490
1246 1247 2491
1247 1246 2492
1247 1248 2493
1248 1247 2494
1248 1249 2495
1249 1248 2496
1249 1250 2497
1250 1249 2498
1250 1251 2499
1251 1250 2500
1251 1252 2501
1252 1251 2502
1252 1253 2503
1253 1252 2504
1253 1254 2505
1254 1253 2506
1254 1255 2507
1255 1254 2508
1255 1256 2509
1256 1255 2510
1256 1257 2511
1257 1256 2512
1257 1258 2513
1258 1257 2514
1258 1259 2515
1259 1258 2516
1259 1260 2517
1260 1259 2518
1260 1261 2519
1261 1260 2520
1261 1262 2521
1262 1261 2522
1262 1263 2523
1263 1262 2524
1263 1264 2525
1264 1263 2526
1264 1265 2527
1265 1264 2528
1265 1266 2529
1266 1265 2530
1266 1267 2531
1267 1266 2532
1267 1268 2533
1268 1267 2534
1268 1269 2535
1269 1268 2536
1269 1270 2537
1270 1269 2538
1270 1271 2539
1271 1270 2540
1271 1272 2541
1272 1271 2542
1272 1273 2543
1273 1272 2544
1273 1274 2545
1274 1273 2546
1274 1275 2547
1275 1274 2548
1275 1276 2549
1276 1275 2550
1276 1277 2551
1277 1276 2552
1277 1278 2553
1278 1277 2554
1278 1279 2555
1279 1278 2556
1279 1280 2557
1280 1279 2558
1280 1281 2559
1281 1280 2560
1281 1282 2561
1282 1281 2562
1282 1283 2563
1283 1282 2564
1283 1284 2565
1284 1283 2566
1284 1285 2567
1285 1284 2568
1285 1286 2569
1286 1285 2570
1286 1287 2571
1287 1286 2572
1287 1288 2573
1288 1287 2574
1288 1289 2575
1289 1288 2576
1289 1290 2577
1290 1289 2578
1290 1291 2579
1291 1290 2580
1291 1292 2581
1292 1291 2582
1292 1293 2583
1293 1292 2584
1293 1294 2585
1294 1293 2586
1294 1295 2587
1295 1294 2588
1295 1296 2589
1296 1295 2590
1296 1297 2591
1297 1296 2592
1297 1298 2593
1298 1297 2594
1298 1299 2595
1299 1298 2596
1299 1300 2597
1300 1299 2598
1300 1301 2599
1301 1300 2600
1301 1302 2601
1302 1301 2602
1302 1303 2603
1303 1302 2604
1303 1304 2605
1304 1303 2606
1304 1305 2607
1305 1304 2608
1305 1306 2609
1306 1305 2610
1306 1307 2611
1307 1306 2612
1307 1308 2613
1308 1307 2614
1308 1309 2615
1309 1308 2616
1309 1310 2617
1310 1309 2618
1310 1311 2619
1311 1310 2620
1311 1312 2621
1312 1311 2622
1312 1313 2623
1313 1312 2624
1313 1314 2625
1314 1313 2626
1314 1315 2627
1315 1314 2628
1315 1316 2629
1316 1315 2630
1316 1317 2631
1317 1316 2632
1317 1318 2633
1318 1317 2634
1318 1319 2635
1319 1318 2636
1319 1320 2637
1320 1319 2638
1320 1321 2639
1321 1320 2640
1321 1322 2641
1322 1321 2642
1322 1323 2643
1323 1322 2644
1323 1324 2645
1324 1323 2646
1324 1325 2647
1325 1324 2648
1325 1326 2649
1326 1325 2650
1326 1327 2651
1327 1326 2652
1327 1328 2653
1328 1327 2654
1328 1329 2655
1329 1328 2656
1329 1330 2657
1330 1329 2658
1330 1331 2659
1331 1330 2660
1331 1332 2661
1332 1331 2662
1332 1333 2663
1333 1332 2664
1333 1334 2665
1334 1333 2666
1334 1335 2667
1335 1334 2668
1335 1336 2669
1336 1335 2670
1336 1337 2671
1337 1336 2672
1337 1338 2673
1338 1337 2674
1338 1339 2675
1339 1338 2676
1339 1340 2677
1340 1339 2678
1340 1341 2679
1341 1340 2680
1341 1342 2681
1342 1341 2682
1342 1343 2683
1343 1342 2684
1343 1344 2685
1344 1343 2686
1344 1345 2687
1345 1344 2688
1345 1346 2689
1346 1345 2690
1346 1347 2691
1347 1346 2692
1347 1348 2693
1348 1347 2694
1348 1349 2695
1349 1348 2696
1349 1350 2697
1350 1349 2698
1350 1351 2699
1351 1350 2700
1351 1352 2701
1352 1351 2702
1352 1353 2703
1353 1352 2704
1353 1354 2705
1354 1353 2706
1354 1355 2707
1355 1354 2708
1355 1356 2709
1356 1355 2710
1356 1357 2711
1357 1356 2712
1357 1358 2713
1358 1357 2714
1358 1359 2715
1359 1358 2716
1359 1360 2717
1360 1359 2718
1360 1361 2719
1361 1360 2720
1361 1362 2721
1362 1361 2722
1362 1363 2723
1363 1362 2724
1363 1364 2725
1364 1363 2726
1364 1365 2727
1365 1364 2728
1365 1366 2729
1366 1365 2730
1366 1367 2731
1367 1366 2732
1367 1368 2733
1368 1367 2734
1368 1369 2735
1369 1368 2736
1369 1370 2737
1370 1369 2738
1370 1371 2739
1371 1370 2740
1371 1372 2741
1372 1371 2742
1372 1373 2743
1373 1372 2744
1373 1374 2745
1374 1373 2746
1374 1375 2747
1375 1374 2748
1375 1376 2749
1376 1375 2750
1376 1377 2751
1377 1376 2752
1377 1378 2753
1378 1377 2754
1378 1379 2755
1379 1378 2756
1379 1380 2757
1380 1379 2758
1380 1381 2759
1381 1380 2760
1381 1382 2761
1382 1381 2762
1382 1383 2763
1383 1382 2764
1383 1384 2765
1384 1383 2766
1384 1385 2767
1385 1384 2768
1385 1386 2769
1386 1385 2770
1386 1387 2771
1387 1386 2772
1387 1388 2773
1388 1387 2774
1388 1389 2775
1389 1388 2776
1389 1390 2777
1390 1389 2778
1390 1391 2779
1391 1390 2780
1391 1392 2781
1392 1391 2782
1392 1393 2783
1393 1392 2784
1393 1394 2785
1394 1393 2786
1394 1395 2787
1395 1394 2788
1395 1396 2789
1396 1395 2790
1396 1397 2791
1397 1396 2792
1397 1398 2793
1398 1397 2794
1398 1399 2795
1399 1398 2796
1399 1400 2797
1400 1399 2798
1400 1401 2799
1401 1400 2800
1401 1402 2801
1402 1401 2802
1402 1403 2803
1403 1402 2804
1403 1404 2805
1404 1403 2806
1404 1405 2807
1405 1404 2808
1405 1406 2809
1406 1405 2810
1406 1407 2811
1407 1406 2812
1407 1408 2813
1408 1407 2814
1408 1409 2815
1409 1408 2816
1409 1410 2817
1410 1409 2818
1410 1411 2819
1411 1410 2820
1411 1412 2821
1412 1411 2822
1412 1413 2823
1413 1412 2824
1413 1414 2825
1414 1413 2826
1414 1415 2827
1415 1414 2828
1415 1416 2829
1416 1415 2830
1416 1417 2831
1417 1416 2832
1417 1418 2833
1418 1417 2834
1418 1419 2835
1419 1418 2836
1419 1420 2837
1420 1419 2838
1420 1421 2839
1421 1420 2840
1421 1422 2841
1422 1421 2842
1422 1423 2843
1423 1422 2844
1423 1424 2845
1424 1423 2846
1424 1425 2847
1425 1424 2848
1425 1426 2849
1426 1425 2850
1426 1427 2851
1427 1426 2852
1427 1428 2853
1428 1427 2854
1428 1429 2855
1429 1428 2856
1429 1430 2857
1430 1429 2858
1430 1431 2859
1431 1430 2860
1431 1432 2861
1432 1431 2862
1432 1433 2863
1433 1432 2864
1433 1434 2865
1434 1433 2866
1434 1435 2867
1435 1434 2868
1435 1436 2869
1436 1435 2870
1436 1437 2871
1437 1436 2872
1437 1438 2873
1438 1437 2874
1438 1439 2875
1439 1438 2876
1439 1440 2877
1440 1439 2878
1440 1441 2879
1441 1440 2880
1441 1442 2881
1442 1441 2882
1442 1443 2883
1443 1442 2884
1443 1444 2885
1444 1443 2886
1444 1445 2887
1445 1444 2888
1445 1446 2889
1446 1445 2890
1446 1447 2891
1447 1446 2892
1447 1448 2893
1448 1447 2894
1448 1449 2895
1449 1448 2896
1449 1450 2897
1450 1449 2898
1450 1451 2899
1451 1450 2900
1451 1452 2901
1452 1451 2902
1452 1453 2903
1453 1452 2904
1453 1454 2905
1454 1453 2906
1454 1455 2907
1455 1454 2908
1455 1456 2909
1456 1455 2910
1456 1457 2911
1457 1456 2912
1457 1458 2913
1458 1457 2914
1458 1459 2915
1459 1458 2916
1459 1460 2917
1460 1459 2918
1460 1461 2919
1461 1460 2920
1461 1462 2921
1462 1461 2922
1462 1463 2923
1463 1462 2924
1463 1464 2925
1464 1463 2926
1464 1465 2927
1465 1464 2928
1465 1466 2929
1466 1465 2930
1466 1467 2931
1467 1466 2932
1467 1468 2933
1468 1467 2934
1468 1469 2935
1469 1468 2936
1469 1470 2937
1470 1469 2938
1470 1471 2939
1471 1470 2940
1471 1472 2941
1472 1471 2942
1472 1473 2943
1473 1472 2944
1473 1474 2945
1474 1473 2946
1474 1475 2947
1475 1474 2948
1475 1476 2949
1476 1475 2950
1476 1477 2951
1477 1476 2952
1477 1478 2953
1478 1477 2954
1478 1479 2955
1479 1478 2956
1479 1480 2957
1480 1479 2958
1480 1481 2959
1481 1480 2960
1481 1482 2961
1482 1481 2962
1482 1483 2963
1483 1482 2964
1483 1484 2965
1484 1483 2966
1484 1485 2967
1485 1484 2968
1485 1486 2969
1486 1485 2970
1486 1487 2971
1487 1486 2972
1487 1488 2973
1488 1487 2974
1488 1489 2975
1489 1488 2976
1489 1490 2977
1490 1489 2978
1490 1491 2979
1491 1490 2980
1491 1492 2981
1492 1491 2982
1492 1493 2983
1493 1492 2984
1493 1494 2985
1494 1493 2986
1494 1495 2987
1495 1494 2988
1495 1496 2989
1496 1495 2990
1496 1497 2991
1497 1496 2992
1497 1498 2993
1498 1497 2994
1498 1499 2995
1499 1498 2996
1499 1500 2997
1500 1499 2998
1500 1501 2999
1501 1500 3000
1501 1502 3001
1502 1501 3002
1502 1503 3003
1503 1502 3004
1503 1504 3005
1504 1503 3006
1504 1505 3007
1505 1504 3008
1505 1506 3009
1506 1505 3010
1506 1507 3011
1507 1506 3012
1507 1508 3013
1508 1507 3014
1508 1509 3015
1509 1508 3016
1509 1510 3017
1510 1509 3018
1510 1511 3019
1511 1510 3020
1511 1512 3021
1512 1511 3022
1512 1513 3023
1513 1512 3024
1513 1514 3025
1514 1513 3026
1514 1515 3027
1515 1514 3028
1515 1516 3029
1516 1515 3030
1516 1517 3031
1517 1516 3032
1517 1518 3033
1518 1517 3034
1518 1519 3035
1519 1518 3036
1519 1520 3037
1520 1519 3038
1520 1521 3039
1521 1520 3040
1521 1522 3041
1522 1521 3042
1522 1523 3043
1523 1522 3044
1523 1524 3045
1524 1523 3046
1524 1525 3047
1525 1524 3048
1525 1526 3049
1526 1525 3050
1526 1527 3051
1527 1526 3052
1527 1528 3053
1528 1527 3054
1528 1529 3055
1529 1528 3056
1529 1530 3057
1530 1529 3058
1530 1531 3059
1531 1530 3060
1531 1532 3061
1532 1531 3062
1532 1533 3063
1533 1532 3064
1533 1534 3065
1534 1533 3066
1534 1535 3067
1535 1534 3068
1535 1536 3069
1536 1535 3070
1536 1537 3071
1537 1536 3072
1537 1538 3073
1538 1537 3074
1538 1539 3075
1539 1538 3076
1539 1540 3077
1540 1539 3078
1540 1541 3079
1541 1540 3080
1541 1542 3081
1542 1541 3082
1542 1543 3083
1543 1542 3084
1543 1544 3085
1544 1543 3086
1544 1545 3087
1545 1544 3088
1545 1546 3089
1546 1545 3090
1546 1547 3091
1547 1546 3092
1547 1548 3093
1548 1547 3094
1548 1549 3095
1549 1548 3096
1549 1550 3097
1550 1549 3098
1550 1551 3099
1551 1550 3100
1551 1552 3101
1552 1551 3102
1552 1553 3103
1553 1552 3104
1553 1554 3105
1554 1553 3106
1554 1555 3107
1555 1554 3108
1555 1556 3109
1556 1555 3110
1556 1557 3111
1557 1556 3112
1557 1558 3113
1558 1557 3114
1558 1559 3115
1559 1558 3116
1559 1560 3117
1560 1559 3118
1560 1561 3119
1561 1560 3120
1561 1562 3121
1562 1561 3122
1562 1563 3123
1563 1562 3124
1563 1564 3125
1564 1563 3126
1564 1565 3127
1565 1564 3128
1565 1566 3129
1566 1565 3130
1566 1567 3131
1567 1566 3132
1567 1568 3133
1568 1567 3134
1568 1569 3135
1569 1568 3136
1569 1570 3137
1570 1569 3138
1570 1571 3139
1571 1570 3140
1571 1572 3141
1572 1571 3142
1572 1573 3143
1573 1572 3144
1573 1574 3145
1574 1573 3146
1574 1575 3147
1575 1574 3148
1575 1576 3149
1576 1575 3150
1576 1577 3151
1577 1576 3152
1577 1578 3153
1578 1577 3154
1578 1579 3155
1579 1578 3156
1579 1580 3157
1580 1579 3158
1580 1581 3159
1581 1580 3160
1581 1582 3161
1582 1581 3162
1582 1583 3163
1583 1582 3164
1583 1584 3165
1584 1583 3166
1584 1585 3167
1585 1584 3168
1585 1586 3169
1586 1585 3170
1586 1587 3171
1587 1586 3172
1587 1588 3173
1588 1587 3174
1588 1589 3175
1589 1588 3176
1589 1590 3177
1590 1589 3178
1590 1591 3179
1591 1590 3180
1591 1592 3181
1592 1591 3182
1592 1593 3183
1593 1592 3184
1593 1594 3185
1594 1593 3186
1594 1595 3187
1595 1594 3188
1595 1596 3189
1596 1595 3190
1596 1597 3191
1597 1596 3192
1597 1598 3193
1598 1597 3194
1598 1599 3195
1599 1598 3196
1599 1600 3197
1600 1599 3198
1600 1601 3199
1601 1600 3200
1601 1602 3201
1602 1601 3202
1602 1603 3203
1603 1602 3204
1603 1604 3205
1604 1603 3206
1604 1605 3207
1605 1604 3208
1605 1606 3209
1606 1605 3210
1606 1607 3211
1607 1606 3212
1607 1608 3213
1608 1607 3214
1608 1609 3215
1609 1608 3216
1609 1610 3217
1610 1609 3218
1610 1611 3219
1611 1610 3220
1611 1612 3221
1612 1611 3222
1612 1613 3223
1613 1612 3224
1613 1614 3225
1614 1613 3226
1614 1615 3227
1615 1614 3228
1615 1616 3229
1616 1615 3230
1616 1617 3231
1617 1616 3232
1617 1618 3233
1618 1617 3234
1618 1619 3235
1619 1618 3236
1619 1620 3237
1620 1619 3238
1620 1621 3239
1621 1620 3240
1621 1622 3241
1622 1621 3242
1622 1623 3243
1623 1622 3244
1623 1624 3245
1624 1623 3246
1624 1625 3247
1625 1624 3248
1625 1626 3249
1626 1625 3250
1626 1627 3251
1627 1626 3252
1627 1628 3253
1628 1627 3254
1628 1629 3255
1629 1628 3256
1629 1630 3257
1630 1629 3258
1630 1631 3259
1631 1630 3260
1631 1632 3261
1632 1631 3262
1632 1633 3263
1633 1632 3264
1633 1634 3265
1634 1633 3266
1634 1635 3267
1635 1634 3268
1635 1636 3269
1636 1635 3270
1636 1637 3271
1637 1636 3272
1637 1638 3273
1638 1637 3274
1638 1639 3275
1639 1638 3276
1639 1640 3277
1640 1639 3278
1640 1641 3279
1641 1640 3280
1641 1642 3281
1642 1641 3282
1642 1643 3283
1643 1642 3284
1643 1644 3285
1644 1643 3286
1644 1645 3287
1645 1644 3288
1645 1646 3289
1646 1645 3290
1646 1647 3291
1647 1646 3292
1647 1648 3293
1648 1647 3294
1648 1649 3295
1649 1648 3296
1649 1650 3297
1650 1649 3298
1650 1651 3299
1651 1650 3300
1651 1652 3301
1652 1651 3302
1652 1653 3303
1653 1652 3304
1653 1654 3305
1654 1653 3306
1654 1655 3307
1655 1654 3308
1655 1656 3309
1656 1655 3310
1656 1657 3311
1657 1656 3312
1657 1658 3313
1658 1657 3314
1658 1659 3315
1659 1658 3316
1659 1660 3317
1660 1659 3318
1660 1661 3319
1661 1660 3320
1661 1662 3321
1662 1661 3322
1662 1663 3323
1663 1662 3324
1663 1664 3325
1664 1663 3326
1664 1665 3327
1665 1664 3328
1665 1666 3329
1666 1665 3330
1666 1667 3331
1667 1666 3332
1667 1668 3333
1668 1667 3334
1668 1669 3335
1669 1668 3336
1669 1670 3337
1670 1669 3338
1670 1671 3339
1671 1670 3340
1671 1672 3341
1672 1671 3342
1672 1673 3343
1673 1672 3344
1673 1674 3345
1674 1673 3346
1674 1675 3347
1675 1674 3348
1675 1676 3349
1676 1675 3350
1676 1677 3351
1677 1676 3352
1677 1678 3353
1678 1677 3354
1678 1679 3355
1679 1678 3356
1679 1680 3357
1680 1679 3358
1680 1681 3359
1681 1680 3360
1681 1682 3361
1682 1681 3362
1682 1683 3363
1683 1682 3364
1683 1684 3365
1684 1683 3366
1684 1685 3367
1685 1684 3368
1685 1686 3369
1686 1685 3370
1686 1687 3371
1687 1686 3372
1687 1688 3373
1688 1687 3374
1688 1689 3375
1689 1688 3376
1689 1690 3377
1690 1689 3378
1690 1691 3379
1691 1690 3380
1691 1692 3381
1692 1691 3382
1692 1693 3383
1693 1692 3384
1693 1694 3385
1694 1693 3386
1694 1695 3387
1695 1694 3388
1695 1696 3389
1696 1695 3390
1696 1697 3391
1697 1696 3392
1697 1698 3393
1698 1697 3394
1698 1699 3395
1699 1698 3396
1699 1700 3397
1700 1699 3398
1700 1701 3399
1701 1700 3400
1701 1702 3401
1702 1701 3402
1702 1703 3403
1703 1702 3404
1703 1704 3405
1704 1703 3406
1704 1705 3407
1705 1704 3408
1705 1706 3409
1706 1705 3410
1706 1707 3411
1707 1706 3412
1707 1708 3413
1708 1707 3414
1708 1709 3415
1709 1708 3416
1709 1710 3417
1710 1709 3418
1710 1711 3419
1711 1710 3420
1711 1712 3421
1712 1711 3422
1712 1713 3423
1713 1712 3424
1713 1714 3425
1714 1713 3426
1714 1715 3427
1715 1714 3428
1715 1716 3429
1716 1715 3430
1716 1717 3431
1717 1716 3432
1717 1718 3433
1718 1717 3434
1718 1719 3435
1719 1718 3436
1719 1720 3437
1720 1719 3438
1720 1721 3439
1721 1720 3440
1721 1722 3441
1722 1721 3442
1722 1723 3443
1723 1722 3444
1723 1724 3445
1724 1723 3446
1724 1725 3447
1725 1724 3448
1725 1726 3449
1726 1725 3450
1726 1727 3451
1727 1726 3452
1727 1728 3453
1728 1727 3454
1728 1729 3455
1729 1728 3456
1729 1730 3457
1730 1729 3458
1730 1731 3459
1731 1730 3460
1731 1732 3461
1732 1731 3462
1732 1733 3463
1733 1732 3464
1733 1734 3465
1734 1733 3466
1734 1735 3467
1735 1734 3468
1735 1736 3469
1736 1735 3470
1736 1737 3471
1737 1736 3472
1737 1738 3473
1738 1737 3474
1738 1739 3475
1739 1738 3476
1739 1740 3477
1740 1739 3478
1740 1741 3479
1741 1740 3480
1741 1742 3481
1742 1741 3482
1742 1743 3483
1743 1742 3484
1743 1744 3485
1744 1743 3486
1744 1745 3487
1745 1744 3488
1745 1746 3489
1746 1745 3490
1746 1747 3491
1747 1746 3492
1747 1748 3493
1748 1747 3494
1748 1749 3495
1749 1748 3496
1749 1750 3497
1750 1749 3498
1750 1751 3499
1751 1750 3500
1751 1752 3501
1752 1751 3502
1752 1753 3503
1753 1752 3504
1753 1754 3505
1754 1753 3506
1754 1755 3507
1755 1754 3508
1755 1756 3509
1756 1755 3510
1756 1757 3511
1757 1756 3512
1757 1758 3513
1758 1757 3514
1758 1759 3515
1759 1758 3516
1759 1760 3517
1760 1759 3518
1760 1761 3519
1761 1760 3520
1761 1762 3521
1762 1761 3522
1762 1763 3523
1763 1762 3524
1763 1764 3525
1764 1763 3526
1764 1765 3527
1765 1764 3528
1765 1766 3529
1766 1765 3530
1766 1767 3531
1767 1766 3532
1767 1768 3533
1768 1767 3534
1768 1769 3535
1769 1768 3536
1769 1770 3537
1770 1769 3538
1770 1771 3539
1771 1770 3540
1771 1772 3541
1772 1771 3542
1772 1773 3543
1773 1772 3544
1773 1774 3545
1774 1773 3546
1774 1775 3547
1775 1774 3548
1775 1776 3549
1776 1775 3550
1776 1777 3551
1777 1776 3552
1777 1778 3553
1778 1777 3554
1778 1779 3555
1779 1778 3556
1779 1780 3557
1780 1779 3558
1780 1781 3559
1781 1780 3560
1781 1782 3561
1782 1781 3562
1782 1783 3563
1783 1782 3564
1783 1784 3565
1784 1783 3566
1784 1785 3567
1785 1784 3568
1785 1786 3569
1786 1785 3570
1786 1787 3571
1787 1786 3572
1787 1788 3573
1788 1787 3574
1788 1789 3575
1789 1788 3576
1789 1790 3577
1790 1789 3578
1790 1791 3579
1791 1790 3580
1791 1792 3581
1792 1791 3582
1792 1793 3583
1793 1792 3584
1793 1794 3585
1794 1793 3586
1794 1795 3587
1795 1794 3588
1795 1796 3589
1796 1795 3590
1796 1797 3591
1797 1796 3592
1797 1798 3593
1798 1797 3594
1798 1799 3595
1799 1798 3596
1799 1800 3597
1800 1799 3598
1800 1801 3599
1801 1800 3600
1801 1802 3601
1802 1801 3602
1802 1803 3603
1803 1802 3604
1803 1804 3605
1804 1803 3606
1804 1805 3607
1805 1804 3608
1805 1806 3609
1806 1805 3610
1806 1807 3611
1807 1806 3612
1807 1808 3613
1808 1807 3614
1808 1809 3615
1809 1808 3616
1809 1810 3617
1810 1809 3618
1810 1811 3619
1811 1810 3620
1811 1812 3621
1812 1811 3622
1812 1813 3623
1813 1812 3624
1813 1814 3625
1814 1813 3626
1814 1815 3627
1815 1814 3628
1815 1816 3629
1816 1815 3630
1816 1817 3631
1817 1816 3632
1817 1818 3633
1818 1817 3634
1818 1819 3635
1819 1818 3636
1819 1820 3637
1820 1819 3638
1820 1821 3639
1821 1820 3640
1821 1822 3641
1822 1821 3642
1822 1823 3643
1823 1822 3644
1823 1824 3645
1824 1823 3646
1824 1825 3647
1825 1824 3648
1825 1826 3649
1826 1825 3650
1826 1827 3651
1827 1826 3652
1827 1828 3653
1828 1827 3654
1828 1829 3655
1829 1828 3656
1829 1830 3657
1830 1829 3658
1830 1831 3659
1831 1830 3660
1831 1832 3661
1832 1831 3662
1832 1833 3663
1833 1832 3664
1833 1834 3665
1834 1833 3666
1834 1835 3667
1835 1834 3668
1835 1836 3669
1836 1835 3670
1836 1837 3671
1837 1836 3672
1837 1838 3673
1838 1837 3674
1838 1839 3675
1839 1838 3676
1839 1840 3677
1840 1839 3678
1840 1841 3679
1841 1840 3680
1841 1842 3681
1842 1841 3682
1842 1843 3683
1843 1842 3684
1843 1844 3685
1844 1843 3686
1844 1845 3687
1845 1844 3688
1845 1846 3689
1846 1845 3690
1846 1847 3691
1847 1846 3692
1847 1848 3693
1848 1847 3694
1848 1849 3695
1849 1848 3696
1849 1850 3697
1850 1849 3698
1850 1851 3699
1851 1850 3700
1851 1852 3701
1852 1851 3702
1852 1853 3703
1853 1852 3704
1853 1854 3705
1854 1853 3706
1854 1855 3707
1855 1854 3708
1855 1856 3709
1856 1855 3710
1856 1857 3711
1857 1856 3712
1857 1858 3713
1858 1857 3714
1858 1859 3715
1859 1858 3716
1859 1860 3717
1860 1859 3718
1860 1861 3719
1861 1860 3720
1861 1862 3721
1862 1861 3722
1862 1863 3723
1863 1862 3724
1863 1864 3725
1864 1863 3726
1864 1865 3727
1865 1864 3728
1865 1866 3729
1866 1865 3730
1866 1867 3731
1867 1866 3732
1867 1868 3733
1868 1867 3734
1868 1869 3735
1869 1868 3736
1869 1870 3737
1870 1869 3738
1870 1871 3739
1871 1870 3740
1871 1872 3741
1872 1871 3742
1872 1873 3743
1873 1872 3744
1873 1874 3745
1874 1873 3746
1874 1875 3747
1875 1874 3748
1875 1876 3749
1876 1875 3750
1876 1877 3751
1877 1876 3752
1877 1878 3753
1878 1877 3754
1878 1879 3755
1879 1878 3756
1879 1880 3757
1880 1879 3758
1880 1881 3759
1881 1880 3760
1881 1882 3761
1882 1881 3762
1882 1883 3763
1883 1882 3764
1883 1884 3765
1884 1883 3766
1884 1885 3767
1885 1884 3768
1885 1886 3769
1886 1885 3770
1886 1887 3771
1887 1886 3772
1887 1888 3773
1888 1887 3774
1888 1889 3775
1889 1888 3776
1889 1890 3777
1890 1889 3778
1890 1891 3779
1891 1890 3780
1891 1892 3781
1892 1891 3782
1892 1893 3783
1893 1892 3784
1893 1894 3785
1894 1893 3786
1894 1895 3787
1895 1894 3788
1895 1896 3789
1896 1895 3790
1896 1897 3791
1897 1896 3792
1897 1898 3793
1898 1897 3794
1898 1899 3795
1899 1898 3796
1899 1900 3797
1900 1899 3798
1900 1901 3799
1901 1900 3800
1901 1902 3801
1902 1901 3802
1902 1903 3803
1903 1902 3804
1903 1904 3805
1904 1903 3806
1904 1905 3807
1905 1904 3808
1905 1906 3809
1906 1905 3810
1906 1907 3811
1907 1906 3812
1907 1908 3813
1908 1907 3814
1908 1909 3815
1909 1908 3816
1909 1910 3817
1910 1909 3818
1910 1911 3819
1911 1910 3820
1911 1912 3821
1912 1911 3822
1912 1913 3823
1913 1912 3824
1913 1914 3825
1914 1913 3826
1914 1915 3827
1915 1914 3828
1915 1916 3829
1916 1915 3830
1916 1917 3831
1917 1916 3832
1917 1918 3833
1918 1917 3834
1918 1919 3835
1919 1918 3836
1919 1920 3837
1920 1919 3838
1920 1921 3839
1921 1920 3840
1921 1922 3841
1922 1921 3842
1922 1923 3843
1923 1922 3844
1923 1924 3845
1924 1923 3846
1924 1925 3847
1925 1924 3848
1925 1926 3849
1926 1925 3850
1926 1927 3851
1927 1926 3852
1927 1928 3853
1928 1927 3854
1928 1929 3855
1929 1928 3856
1929 1930 3857
1930 1929 3858
1930 1931 3859
1931 1930 3860
1931 1932 3861
1932 1931 3862
1932 1933 3863
1933 1932 3864
1933 1934 3865
1934 1933 3866
1934 1935 3867
1935 1934 3868
1935 1936 3869
1936 1935 3870
1936 1937 3871
1937 1936 3872
1937 1938 3873
1938 1937 3874
1938 1939 3875
1939 1938 3876
1939 1940 3877
1940 1939 3878
1940 1941 3879
1941 1940 3880
1941 1942 3881
1942 1941 3882
1942 1943 3883
1943 1942 3884
1943 1944 3885
1944 1943 3886
1944 1945 3887
1945 1944 3888
1945 1946 3889
1946 1945 3890
1946 1947 3891
1947 1946 3892
1947 1948 3893
1948 1947 3894
1948 1949 3895
1949 1948 3896
1949 1950 3897
1950 1949 3898
1950 1951 3899
1951 1950 3900
1951 1952 3901
1952 1951 3902
1952 1953 3903
1953 1952 3904
1953 1954 3905
1954 1953 3906
1954 1955 3907
1955 1954 3908
1955 1956 3909
1956 1955 3910
1956 1957 3911
1957 1956 3912
1957 1958 3913
1958 1957 3914
1958 1959 3915
1959 1958 3916
1959 1960 3917
1960 1959 3918
1960 1961 3919
1961 1960 3920
1961 1962 3921
1962 1961 3922
1962 1963 3923
1963 1962 3924
1963 1964 3925
1964 1963 3926
1964 1965 3927
1965 1964 3928
1965 1966 3929
1966 1965 3930
1966 1967 3931
1967 1966 3932
1967 1968 3933
1968 1967 3934
1968 1969 3935
1969 1968 3936
1969 1970 3937
1970 1969 3938
1970 1971 3939
1971 1970 3940
1971 1972 3941
1972 1971 3942
1972 1973 3943
1973 1972 3944
1973 1974 3945
1974 1973 3946
1974 1975 3947
1975 1974 3948
1975 1976 3949
1976 1975 3950
1976 1977 3951
1977 1976 3952
1977 1978 3953
1978 1977 3954
1978 1979 3955
1979 1978 3956
1979 1980 3957
1980 1979 3958
1980 1981 3959
1981 1980 3960
1981 1982 3961
1982 1981 3962
1982 1983 3963
1983 1982 3964
1983 1984 3965
1984 1983 3966
1984 1985 3967
1985 1984 3968
1985 1986 3969
1986 1985 3970
1986 1987 3971
1987 1986 3972
1987 1988 3973
1988 1987 3974
1988 1989 3975
1989 1988 3976
1989 1990 3977
1990 1989 3978
1990 1991 3979
1991 1990 3980
1991 1992 3981
1992 1991 3982
1992 1993 3983
1993 1992 3984
1993 1994 3985
1994 1993 3986
1994 1995 3987
1995 1994 3988
1995 1996 3989
1996 1995 3990
1996 1997 3991
1997 1996 3992
1997 1998 3993
1998 1997 3994
1998 1999 3995
1999 1998 3996
1999 2000 3997
2000 1999 3998
2000 2001 3999
2001 2000 4000
2001 2002 4001
2002 2001 4002
2002 2003 4003
2003 2002 4004
2003 2004 4005
2004 2003 4006
2004 2005 4007
2005 2004 4008
2005 2006 4009
2006 2005 4010
2006 2007 4011
2007 2006 4012
2007 2008 4013
2008 2007 4014
2008 2009 4015
2009 2008 4016
2009 2010 4017
2010 2009 4018
2010 2011 4019
2011 2010 4020
2011 2012 4021
2012 2011 4022
2012 2013 4023
2013 2012 4024
2013 2014 4025
2014 2013 4026
2014 2015 4027
2015 2014 4028
2015 2016 4029
2016 2015 4030
2016 2017 4031
2017 2016 4032
2017 2018 4033
2018 2017 4034
2018 2019 4035
2019 2018 4036
2019 2020 4037
2020 2019 4038
2020 2021 4039
2021 2020 4040
2021 2022 4041
2022 2021 4042
2022 2023 4043
2023 2022 4044
2023 2024 4045
2024 2023 4046
2024 2025 4047
2025 2024 4048
2025 2026 4049
2026 2025 4050
2026 2027 4051
2027 2026 4052
2027 2028 4053
2028 2027 4054
2028 2029 4055
2029 2028 4056
2029 2030 4057
2030 2029 4058
2030 2031 4059
2031 2030 4060
2031 2032 4061
2032 2031 4062
2032 2033 4063
2033 2032 4064
2033 2034 4065
2034 2033 4066
2034 2035 4067
2035 2034 4068
2035 2036 4069
2036 2035 4070
2036 2037 4071
2037 2036 4072
2037 2038 4073
2038 2037 4074
2038 2039 4075
2039 2038 4076
2039 2040 4077
2040 2039 4078
2040 2041 4079
2041 2040 4080
2041 2042 4081
2042 2041 4082
2042 2043 4083
2043 2042 4084
2043 2044 4085
2044 2043 4086
2044 2045 4087
2045 2044 4088
2045 2046 4089
2046 2045 4090
2046 2047 4091
2047 2046 4092
2047 2048 4093
2048 2047 4094
2048 2049 4095
2049 2048 4096
2049 2050 4097
2050 2049 4098
2050 2051 4099
2051 2050 4100
2051 2052 4101
2052 2051 4102
2052 2053 4103
2053 2052 4104
2053 2054 4105
2054 2053 4106
2054 2055 4107
2055 2054 4108
2055 2056 4109
2056 2055 4110
2056 2057 4111
2057 2056 4112
2057 2058 4113
2058 2057 4114
2058 2059 4115
2059 2058 4116
2059 2060 4117
2060 2059 4118
2060 2061 4119
2061 2060 4120
2061 2062 4121
2062 2061 4122
2062 2063 4123
2063 2062 4124
2063 2064 4125
2064 2063 4126
2064 2065 4127
2065 2064 4128
2065 2066 4129
2066 2065 4130
2066 2067 4131
2067 2066 4132
2067 2068 4133
2068 2067 4134
2068 2069 4135
2069 2068 4136
2069 2070 4137
2070 2069 4138
2070 2071 4139
2071 2070 4140
2071 2072 4141
2072 2071 4142
2072 2073 4143
2073 2072 4144
2073 2074 4145
2074 2073 4146
2074 2075 4147
2075 2074 4148
2075 2076 4149
2076 2075 4150
2076 2077 4151
2077 2076 4152
2077 2078 4153
2078 2077 4154
2078 2079 4155
2079 2078 4156
2079 2080 4157
2080 2079 4158
2080 2081 4159
2081 2080 4160
2081 2082 4161
2082 2081 4162
2082 2083 4163
2083 2082 4164
2083 2084 4165
2084 2083 4166
2084 2085 4167
2085 2084 4168
2085 2086 4169
2086 2085 4170
2086 2087 4171
2087 2086 4172
2087 2088 4173
2088 2087 4174
2088 2089 4175
2089 2088 4176
2089 2090 4177
2090 2089 4178
2090 2091 4179
2091 2090 4180
2091 2092 4181
2092 2091 4182
2092 2093 4183
2093 2092 4184
2093 2094 4185
2094 2093 4186
2094 2095 4187
2095 2094 4188
2095 2096 4189
2096 2095 4190
2096 2097 4191
2097 2096 4192
2097 2098 4193
2098 2097 4194
2098 2099 4195
2099 2098 4196
2099 2100 4197
2100 2099 4198
2100 2101 4199
2101 2100 4200
2101 2102 4201
2102 2101 4202
2102 2103 4203
2103 2102 4204
2103 2104 4205
2104 2103 4206
2104 2105 4207
2105 2104 4208
2105 2106 4209
2106 2105 4210
2106 2107 4211
2107 2106 4212
2107 2108 4213
2108 2107 4214
2108 2109 4215
2109 2108 4216
2109 2110 4217
2110 2109 4218
2110 2111 4219
2111 2110 4220
2111 2112 4221
2112 2111 4222
2112 2113 4223
2113 2112 4224
2113 2114 4225
2114 2113 4226
2114 2115 4227
2115 2114 4228
2115 2116 4229
2116 2115 4230
2116 2117 4231
2117 2116 4232
2117 2118 4233
2118 2117 4234
2118 2119 4235
2119 2118 4236
2119 2120 4237
2120 2119 4238
2120 2121 4239
2121 2120 4240
2121 2122 4241
2122 2121 4242
2122 2123 4243
2123 2122 4244
2123 2124 4245
2124 2123 4246
2124 2125 4247
2125 2124 4248
2125 2126 4249
2126 2125 4250
2126 2127 4251
2127 2126 4252
2127 2128 4253
2128 2127 4254
2128 2129 4255
2129 2128 4256
2129 2130 4257
2130 2129 4258
2130 2131 4259
2131 2130 4260
2131 2132 4261
2132 2131 4262
2132 2133 4263
2133 2132 4264
2133 2134 4265
2134 2133 4266
2134 2135 4267
2135 2134 4268
2135 2136 4269
2136 2135 4270
2136 2137 4271
2137 2136 4272
2137 2138 4273
2138 2137 4274
2138 2139 4275
2139 2138 4276
2139 2140 4277
2140 2139 4278
2140 2141 4279
2141 2140 4280
2141 2142 4281
2142 2141 4282
2142 2143 4283
2143 2142 4284
2143 2144 4285
2144 2143 4286
2144 2145 4287
2145 2144 4288
2145 2146 4289
2146 2145 4290
2146 2147 4291
2147 2146 4292
2147 2148 4293
2148 2147 4294
2148 2149 4295
2149 2148 4296
2149 2150 4297
2150 2149 4298
2150 2151 4299
2151 2150 4300
2151 2152 4301
2152 2151 4302
2152 2153 4303
2153 2152 4304
2153 2154 4305
2154 2153 4306
2154 2155 4307
2155 2154 4308
2155 2156 4309
2156 2155 4310
2156 2157 4311
2157 2156 4312
2157 2158 4313
2158 2157 4314
2158 2159 4315
2159 2158 4316
2159 2160 4317
2160 2159 4318
2160 2161 4319
2161 2160 4320
2161 2162 4321
2162 2161 4322
2162 2163 4323
2163 2162 4324
2163 2164 4325
2164 2163 4326
2164 2165 4327
2165 2164 4328
2165 2166 4329
2166 2165 4330
2166 2167 4331
2167 2166 4332
2167 2168 4333
2168 2167 4334
2168 2169 4335
2169 2168 4336
2169 2170 4337
2170 2169 4338
2170 2171 4339
2171 2170 4340
2171 2172 4341
2172 2171 4342
2172 2173 4343
2173 2172 4344
2173 2174 4345
2174 2173 4346
2174 2175 4347
2175 2174 4348
2175 2176 4349
2176 2175 4350
2176 2177 4351
2177 2176 4352
2177 2178 4353
2178 2177 4354
2178 2179 4355
2179 2178 4356
2179 2180 4357
2180 2179 4358
2180 2181 4359
2181 2180 4360
2181 2182 4361
2182 2181 4362
2182 2183 4363
2183 2182 4364
2183 2184 4365
2184 2183 4366
2184 2185 4367
2185 2184 4368
2185 2186 4369
2186 2185 4370
2186 2187 4371
2187 2186 4372
2187 2188 4373
2188 2187 4374
2188 2189 4375
2189 2188 4376
2189 2190 4377
2190 2189 4378
2190 2191 4379
2191 2190 4380
2191 2192 4381
2192 2191 4382
2192 2193 4383
2193 2192 4384
2193 2194 4385
2194 2193 4386
2194 2195 4387
2195 2194 4388
2195 2196 4389
2196 2195 4390
2196 2197 4391
2197 2196 4392
2197 2198 4393
2198 2197 4394
2198 2199 4395
2199 2198 4396
2199 2200 4397
2200 2199 4398
2200 2201 4399
2201 2200 4400
2201 2202 4401
2202 2201 4402
2202 2203 4403
2203 2202 4404
2203 2204 4405
2204 2203 4406
2204 2205 4407
2205 2204 4408
2205 2206 4409
2206 2205 4410
2206 2207 4411
2207 2206 4412
2207 2208 4413
2208 2207 4414
2208 2209 4415
2209 2208 4416
2209 2210 4417
2210 2209 4418
2210 2211 4419
2211 2210 4420
2211 2212 4421
2212 2211 4422
2212 2213 4423
2213 2212 4424
2213 2214 4425
2214 2213 4426
2214 2215 4427
2215 2214 4428
2215 2216 4429
2216 2215 4430
2216 2217 4431
2217 2216 4432
2217 2218 4433
2218 2217 4434
2218 2219 4435
2219 2218 4436
2219 2220 4437
2220 2219 4438
2220 2221 4439
2221 2220 4440
2221 2222 4441
2222 2221 4442
2222 2223 4443
2223 2222 4444
2223 2224 4445
2224 2223 4446
2224 2225 4447
2225 2224 4448
2225 2226 4449
2226 2225 4450
2226 2227 4451
2227 2226 4452
2227 2228 4453
2228 2227 4454
2228 2229 4455
2229 2228 4456
2229 2230 4457
2230 2229 4458
2230 2231 4459
2231 2230 4460
2231 2232 4461
2232 2231 4462
2232 2233 4463
2233 2232 4464
2233 2234 4465
2234 2233 4466
2234 2235 4467
2235 2234 4468
2235 2236 4469
2236 2235 4470
2236 2237 4471
2237 2236 4472
2237 2238 4473
2238 2237 4474
2238 2239 4475
2239 2238 4476
2239 2240 4477
2240 2239 4478
2240 2241 4479
2241 2240 4480
2241 2242 4481
2242 2241 4482
2242 2243 4483
2243 2242 4484
2243 2244 4485
2244 2243 4486
2244 2245 4487
2245 2244 4488
2245 2246 4489
2246 2245 4490
2246 2247 4491
2247 2246 4492
2247 2248 4493
2248 2247 4494
2248 2249 4495
2249 2248 4496
2249 2250 4497
2250 2249 4498
2250 2251 4499
2251 2250 4500
2251 2252 4501
2252 2251 4502
2252 2253 4503
2253 2252 4504
2253 2254 4505
2254 2253 4506
2254 2255 4507
2255 2254 4508
2255 2256 4509
2256 2255 4510
2256 2257 4511
2257 2256 4512
2257 2258 4513
2258 2257 4514
2258 2259 4515
2259 2258 4516
2259 2260 4517
2260 2259 4518
2260 2261 4519
2261 2260 4520
2261 2262 4521
2262 2261 4522
2262 2263 4523
2263 2262 4524
2263 2264 4525
2264 2263 4526
2264 2265 4527
2265 2264 4528
2265 2266 4529
2266 2265 4530
2266 2267 4531
2267 2266 4532
2267 2268 4533
2268 2267 4534
2268 2269 4535
2269 2268 4536
2269 2270 4537
2270 2269 4538
2270 2271 4539
2271 2270 4540
2271 2272 4541
2272 2271 4542
2272 2273 4543
2273 2272 4544
2273 2274 4545
2274 2273 4546
2274 2275 4547
2275 2274 4548
2275 2276 4549
2276 2275 4550
2276 2277 4551
2277 2276 4552
2277 2278 4553
2278 2277 4554
2278 2279 4555
2279 2278 4556
2279 2280 4557
2280 2279 4558
2280 2281 4559
2281 2280 4560
2281 2282 4561
2282 2281 4562
2282 2283 4563
2283 2282 4564
2283 2284 4565
2284 2283 4566
2284 2285 4567
2285 2284 4568
2285 2286 4569
2286 2285 4570
2286 2287 4571
2287 2286 4572
2287 2288 4573
2288 2287 4574
2288 2289 4575
2289 2288 4576
2289 2290 4577
2290 2289 4578
2290 2291 4579
2291 2290 4580
2291 2292 4581
2292 2291 4582
2292 2293 4583
2293 2292 4584
2293 2294 4585
2294 2293 4586
2294 2295 4587
2295 2294 4588
2295 2296 4589
2296 2295 4590
2296 2297 4591
2297 2296 4592
2297 2298 4593
2298 2297 4594
2298 2299 4595
2299 2298 4596
2299 2300 4597
2300 2299 4598
2300 2301 4599
2301 2300 4600
2301 2302 4601
2302 2301 4602
2302 2303 4603
2303 2302 4604
2303 2304 4605
2304 2303 4606
2304 2305 4607
2305 2304 4608
2305 2306 4609
2306 2305 4610
2306 2307 4611
2307 2306 4612
2307 2308 4613
2308 2307 4614
2308 2309 4615
2309 2308 4616
2309 2310 4617
2310 2309 4618
2310 2311 4619
2311 2310 4620
2311 2312 4621
2312 2311 4622
2312 2313 4623
2313 2312 4624
2313 2314 4625
2314 2313 4626
2314 2315 4627
2315 2314 4628
2315 2316 4629
2316 2315 4630
2316 2317 4631
2317 2316 4632
2317 2318 4633
2318 2317 4634
2318 2319 4635
2319 2318 4636
2319 2320 4637
2320 2319 4638
2320 2321 4639
2321 2320 4640
2321 2322 4641
2322 2321 4642
2322 2323 4643
2323 2322 4644
2323 2324 4645
2324 2323 4646
2324 2325 4647
2325 2324 4648
2325 2326 4649
2326 2325 4650
2326 2327 4651
2327 2326 4652
2327 2328 4653
2328 2327 4654
2328 2329 4655
2329 2328 4656
2329 2330 4657
2330 2329 4658
2330 2331 4659
2331 2330 4660
2331 2332 4661
2332 2331 4662
2332 2333 4663
2333 2332 4664
2333 2334 4665
2334 2333 4666
2334 2335 4667
2335 2334 4668
2335 2336 4669
2336 2335 4670
2336 2337 4671
2337 2336 4672
2337 2338 4673
2338 2337 4674
2338 2339 4675
2339 2338 4676
2339 2340 4677
2340 2339 4678
2340 2341 4679
2341 2340 4680
2341 2342 4681
2342 2341 4682
2342 2343 4683
2343 2342 4684
2343 2344 4685
2344 2343 4686
2344 2345 4687
2345 2344 4688
2345 2346 4689
2346 2345 4690
2346 2347 4691
2347 2346 4692
2347 2348 4693
2348 2347 4694
2348 2349 4695
2349 2348 4696
2349 2350 4697
2350 2349 4698
2350 2351 4699
2351 2350 4700
2351 2352 4701
2352 2351 4702
2352 2353 4703
2353 2352 4704
2353 2354 4705
2354 2353 4706
2354 2355 4707
2355 2354 4708
2355 2356 4709
2356 2355 4710
2356 2357 4711
2357 2356 4712
2357 2358 4713
2358 2357 4714
2358 2359 4715
2359 2358 4716
2359 2360 4717
2360 2359 4718
2360 2361 4719
2361 2360 4720
2361 2362 4721
2362 2361 4722
2362 2363 4723
2363 2362 4724
2363 2364 4725
2364 2363 4726
2364 2365 4727
2365 2364 4728
2365 2366 4729
2366 2365 4730
2366 2367 4731
2367 2366 4732
2367 2368 4733
2368 2367 4734
2368 2369 4735
2369 2368 4736
2369 2370 4737
2370 2369 4738
2370 2371 4739
2371 2370 4740
2371 2372 4741
2372 2371 4742
2372 2373 4743
2373 2372 4744
2373 2374 4745
2374 2373 4746
2374 2375 4747
2375 2374 4748
2375 2376 4749
2376 2375 4750
2376 2377 4751
2377 2376 4752
2377 2378 4753
2378 2377 4754
2378 2379 4755
2379 2378 4756
2379 2380 4757
2380 2379 4758
2380 2381 4759
2381 2380 4760
2381 2382 4761
2382 2381 4762
2382 2383 4763
2383 2382 4764
2383 2384 4765
2384 2383 4766
2384 2385 4767
2385 2384 4768
2385 2386 4769
2386 2385 4770
2386 2387 4771
2387 2386 4772
2387 2388 4773
2388 2387 4774
2388 2389 4775
2389 2388 4776
2389 2390 4777
2390 2389 4778
2390 2391 4779
2391 2390 4780
2391 2392 4781
2392 2391 4782
2392 2393 4783
2393 2392 4784
2393 2394 4785
2394 2393 4786
2394 2395 4787
2395 2394 4788
2395 2396 4789
2396 2395 4790
2396 2397 4791
2397 2396 4792
2397 2398 4793
2398 2397 4794
2398 2399 4795
2399 2398 4796
2399 2400 4797
2400 2399 4798
2400 2401 4799
2401 2400 4800
2401 2402 4801
2402 2401 4802
2402 2403 4803
2403 2402 4804
2403 2404 4805
2404 2403 4806
2404 2405 4807
2405 2404 4808
2405 2406 4809
2406 2405 4810
2406 2407 4811
2407 2406 4812
2407 2408 4813
2408 2407 4814
2408 2409 4815
2409 2408 4816
2409 2410 4817
2410 2409 4818
2410 2411 4819
2411 2410 4820
2411 2412 4821
2412 2411 4822
2412 2413 4823
2413 2412 4824
2413 2414 4825
2414 2413 4826
2414 2415 4827
2415 2414 4828
2415 2416 4829
2416 2415 4830
2416 2417 4831
2417 2416 4832
2417 2418 4833
2418 2417 4834
2418 2419 4835
2419 2418 4836
2419 2420 4837
2420 2419 4838
2420 2421 4839
2421 2420 4840
2421 2422 4841
2422 2421 4842
2422 2423 4843
2423 2422 4844
2423 2424 4845
2424 2423 4846
2424 2425 4847
2425 2424 4848
2425 2426 4849
2426 2425 4850
2426 2427 4851
2427 2426 4852
2427 2428 4853
2428 2427 4854
2428 2429 4855
2429 2428 4856
2429 2430 4857
2430 2429 4858
2430 2431 4859
2431 2430 4860
2431 2432 4861
2432 2431 4862
2432 2433 4863
2433 2432 4864
2433 2434 4865
2434 2433 4866
2434 2435 4867
2435 2434 4868
2435 2436 4869
2436 2435 4870
2436 2437 4871
2437 2436 4872
2437 2438 4873
2438 2437 4874
2438 2439 4875
2439 2438 4876
2439 2440 4877
2440 2439 4878
2440 2441 4879
2441 2440 4880
2441 2442 4881
2442 2441 4882
2442 2443 4883
2443 2442 4884
2443 2444 4885
2444 2443 4886
2444 2445 4887
2445 2444 4888
2445 2446 4889
2446 2445 4890
2446 2447 4891
2447 2446 4892
2447 2448 4893
2448 2447 4894
2448 2449 4895
2449 2448 4896
2449 2450 4897
2450 2449 4898
2450 2451 4899
2451 2450 4900
2451 2452 4901
2452 2451 4902
2452 2453 4903
2453 2452 4904
2453 2454 4905
2454 2453 4906
2454 2455 4907
2455 2454 4908
2455 2456 4909
2456 2455 4910
2456 2457 4911
2457 2456 4912
2457 2458 4913
2458 2457 4914
2458 2459 4915
2459 2458 4916
2459 2460 4917
2460 2459 4918
2460 2461 4919
2461 2460 4920
2461 2462 4921
2462 2461 4922
2462 2463 4923
2463 2462 4924
2463 2464 4925
2464 2463 4926
2464 2465 4927
2465 2464 4928
2465 2466 4929
2466 2465 4930
2466 2467 4931
2467 2466 4932
2467 2468 4933
2468 2467 4934
2468 2469 4935
2469 2468 4936
2469 2470 4937
2470 2469 4938
2470 2471 4939
2471 2470 4940
2471 2472 4941
2472 2471 4942
2472 2473 4943
2473 2472 4944
2473 2474 4945
2474 2473 4946
2474 2475 4947
2475 2474 4948
2475 2476 4949
2476 2475 4950
2476 2477 4951
2477 2476 4952
2477 2478 4953
2478 2477 4954
2478 2479 4955
2479 2478 4956
2479 2480 4957
2480 2479 4958
2480 2481 4959
2481 2480 4960
2481 2482 4961
2482 2481 4962
2482 2483 4963
2483 2482 4964
2483 2484 4965
2484 2483 4966
2484 2485 4967
2485 2484 4968
2485 2486 4969
2486 2485 4970
2486 2487 4971
2487 2486 4972
2487 2488 4973
2488 2487 4974
2488 2489 4975
2489 2488 4976
2489 2490 4977
2490 2489 4978
2490 2491 4979
2491 2490 4980
2491 2492 4981
2492 2491 4982
2492 2493 4983
2493 2492 4984
2493 2494 4985
2494 2493 4986
2494 2495 4987
2495 2494 4988
2495 2496 4989
2496 2495 4990
2496 2497 4991
2497 2496 4992
2497 2498 4993
2498 2497 4994
2498 2499 4995
2499 2498 4996
2499 2500 4997
2500 2499 4998
2500 2501 4999
2501 2500 5000
2501 2502 5001
2502 2501 5002
2502 2503 5003
2503 2502 5004
2503 2504 5005
2504 2503 5006
2504 2505 5007
2505 2504 5008
2505 2506 5009
2506 2505 5010
2506 2507 5011
2507 2506 5012
2507 2508 5013
2508 2507 5014
2508 2509 5015
2509 2508 5016
2509 2510 5017
2510 2509 5018
2510 2511 5019
2511 2510 5020
2511 2512 5021
2512 2511 5022
2512 2513 5023
2513 2512 5024
2513 2514 5025
2514 2513 5026
2514 2515 5027
2515 2514 5028
2515 2516 5029
2516 2515 5030
2516 2517 5031
2517 2516 5032
2517 2518 5033
2518 2517 5034
2518 2519 5035
2519 2518 5036
2519 2520 5037
2520 2519 5038
2520 2521 5039
2521 2520 5040
2521 2522 5041
2522 2521 5042
2522 2523 5043
2523 2522 5044
2523 2524 5045
2524 2523 5046
2524 2525 5047
2525 2524 5048
2525 2526 5049
2526 2525 5050
2526 2527 5051
2527 2526 5052
2527 2528 5053
2528 2527 5054
2528 2529 5055
2529 2528 5056
2529 2530 5057
2530 2529 5058
2530 2531 5059
2531 2530 5060
2531 2532 5061
2532 2531 5062
2532 2533 5063
2533 2532 5064
2533 2534 5065
2534 2533 5066
2534 2535 5067
2535 2534 5068
2535 2536 5069
2536 2535 5070
2536 2537 5071
2537 2536 5072
2537 2538 5073
2538 2537 5074
2538 2539 5075
2539 2538 5076
2539 2540 5077
2540 2539 5078
2540 2541 5079
2541 2540 5080
2541 2542 5081
2542 2541 5082
2542 2543 5083
2543 2542 5084
2543 2544 5085
2544 2543 5086
2544 2545 5087
2545 2544 5088
2545 2546 5089
2546 2545 5090
2546 2547 5091
2547 2546 5092
2547 2548 5093
2548 2547 5094
2548 2549 5095
2549 2548 5096
2549 2550 5097
2550 2549 5098
2550 2551 5099
2551 2550 5100
2551 2552 5101
2552 2551 5102
2552 2553 5103
2553 2552 5104
2553 2554 5105
2554 2553 5106
2554 2555 5107
2555 2554 5108
2555 2556 5109
2556 2555 5110
2556 2557 5111
2557 2556 5112
2557 2558 5113
2558 2557 5114
2558 2559 5115
2559 2558 5116
2559 2560 5117
2560 2559 5118
2560 2561 5119
2561 2560 5120
2561 2562 5121
2562 2561 5122
2562 2563 5123
2563 2562 5124
2563 2564 5125
2564 2563 5126
2564 2565 5127
2565 2564 5128
2565 2566 5129
2566 2565 5130
2566 2567 5131
2567 2566 5132
2567 2568 5133
2568 2567 5134
2568 2569 5135
2569 2568 5136
2569 2570 5137
2570 2569 5138
2570 2571 5139
2571 2570 5140
2571 2572 5141
2572 2571 5142
2572 2573 5143
2573 2572 5144
2573 2574 5145
2574 2573 5146
2574 2575 5147
2575 2574 5148
2575 2576 5149
2576 2575 5150
2576 2577 5151
2577 2576 5152
2577 2578 5153
2578 2577 5154
2578 2579 5155
2579 2578 5156
2579 2580 5157
2580 2579 5158
2580 2581 5159
2581 2580 5160
2581 2582 5161
2582 2581 5162
2582 2583 5163
2583 2582 5164
2583 2584 5165
2584 2583 5166
2584 2585 5167
2585 2584 5168
2585 2586 5169
2586 2585 5170
2586 2587 5171
2587 2586 5172
2587 2588 5173
2588 2587 5174
2588 2589 5175
2589 2588 5176
2589 2590 5177
2590 2589 5178
2590 2591 5179
2591 2590 5180
2591 2592 5181
2592 2591 5182
2592 2593 5183
2593 2592 5184
2593 2594 5185
2594 2593 5186
2594 2595 5187
2595 2594 5188
2595 2596 5189
2596 2595 5190
2596 2597 5191
2597 2596 5192
2597 2598 5193
2598 2597 5194
2598 2599 5195
2599 2598 5196
2599 2600 5197
2600 2599 5198
2600 2601 5199
2601 2600 5200
2601 2602 5201
2602 2601 5202
2602 2603 5203
2603 2602 5204
2603 2604 5205
2604 2603 5206
2604 2605 5207
2605 2604 5208
2605 2606 5209
2606 2605 5210
2606 2607 5211
2607 2606 5212
2607 2608 5213
2608 2607 5214
2608 2609 5215
2609 2608 5216
2609 2610 5217
2610 2609 5218
2610 2611 5219
2611 2610 5220
2611 2612 5221
2612 2611 5222
2612 2613 5223
2613 2612 5224
2613 2614 5225
2614 2613 5226
2614 2615 5227
2615 2614 5228
2615 2616 5229
2616 2615 5230
2616 2617 5231
2617 2616 5232
2617 2618 5233
2618 2617 5234
2618 2619 5235
2619 2618 5236
2619 2620 5237
2620 2619 5238
2620 2621 5239
2621 2620 5240
2621 2622 5241
2622 2621 5242
2622 2623 5243
2623 2622 5244
2623 2624 5245
2624 2623 5246
2624 2625 5247
2625 2624 5248
2625 2626 5249
2626 2625 5250
2626 2627 5251
2627 2626 5252
2627 2628 5253
2628 2627 5254
2628 2629 5255
2629 2628 5256
2629 2630 5257
2630 2629 5258
2630 2631 5259
2631 2630 5260
2631 2632 5261
2632 2631 5262
2632 2633 5263
2633 2632 5264
2633 2634 5265
2634 2633 5266
2634 2635 5267
2635 2634 5268
2635 2636 5269
2636 2635 5270
2636 2637 5271
2637 2636 5272
2637 2638 5273
2638 2637 5274
2638 2639 5275
2639 2638 5276
2639 2640 5277
2640 2639 5278
2640 2641 5279
2641 2640 5280
2641 2642 5281
2642 2641 5282
2642 2643 5283
2643 2642 5284
2643 2644 5285
2644 2643 5286
2644 2645 5287
2645 2644 5288
2645 2646 5289
2646 2645 5290
2646 2647 5291
2647 2646 5292
2647 2648 5293
2648 2647 5294
2648 2649 5295
2649 2648 5296
2649 2650 5297
2650 2649 5298
2650 2651 5299
2651 2650 5300
2651 2652 5301
2652 2651 5302
2652 2653 5303
2653 2652 5304
2653 2654 5305
2654 2653 5306
2654 2655 5307
2655 2654 5308
2655 2656 5309
2656 2655 5310
2656 2657 5311
2657 2656 5312
2657 2658 5313
2658 2657 5314
2658 2659 5315
2659 2658 5316
2659 2660 5317
2660 2659 5318
2660 2661 5319
2661 2660 5320
2661 2662 5321
2662 2661 5322
2662 2663 5323
2663 2662 5324
2663 2664 5325
2664 2663 5326
2664 2665 5327
2665 2664 5328
2665 2666 5329
2666 2665 5330
2666 2667 5331
2667 2666 5332
2667 2668 5333
2668 2667 5334
2668 2669 5335
2669 2668 5336
2669 2670 5337
2670 2669 5338
2670 2671 5339
2671 2670 5340
2671 2672 5341
2672 2671 5342
2672 2673 5343
2673 2672 5344
2673 2674 5345
2674 2673 5346
2674 2675 5347
2675 2674 5348
2675 2676 5349
2676 2675 5350
2676 2677 5351
2677 2676 5352
2677 2678 5353
2678 2677 5354
2678 2679 5355
2679 2678 5356
2679 2680 5357
2680 2679 5358
2680 2681 5359
2681 2680 5360
2681 2682 5361
2682 2681 5362
2682 2683 5363
2683 2682 5364
2683 2684 5365
2684 2683 5366
2684 2685 5367
2685 2684 5368
2685 2686 5369
2686 2685 5370
2686 2687 5371
2687 2686 5372
2687 2688 5373
2688 2687 5374
2688 2689 5375
2689 2688 5376
2689 2690 5377
2690 2689 5378
2690 2691 5379
2691 2690 5380
2691 2692 5381
2692 2691 5382
2692 2693 5383
2693 2692 5384
2693 2694 5385
2694 2693 5386
2694 2695 5387
2695 2694 5388
2695 2696 5389
2696 2695 5390
2696 2697 5391
2697 2696 5392
2697 2698 5393
2698 2697 5394
2698 2699 5395
2699 2698 5396
2699 2700 5397
2700 2699 5398
2700 2701 5399
2701 2700 5400
2701 2702 5401
2702 2701 5402
2702 2703 5403
2703 2702 5404
2703 2704 5405
2704 2703 5406
2704 2705 5407
2705 2704 5408
2705 2706 5409
2706 2705 5410
2706 2707 5411
2707 2706 5412
2707 2708 5413
2708 2707 5414
2708 2709 5415
2709 2708 5416
2709 2710 5417
2710 2709 5418
2710 2711 5419
2711 2710 5420
2711 2712 5421
2712 2711 5422
2712 2713 5423
2713 2712 5424
2713 2714 5425
2714 2713 5426
2714 2715 5427
2715 2714 5428
2715 2716 5429
2716 2715 5430
2716 2717 5431
2717 2716 5432
2717 2718 5433
2718 2717 5434
2718 2719 5435
2719 2718 5436
2719 2720 5437
2720 2719 5438
2720 2721 5439
2721 2720 5440
2721 2722 5441
2722 2721 5442
2722 2723 5443
2723 2722 5444
2723 2724 5445
2724 2723 5446
2724 2725 5447
2725 2724 5448
2725 2726 5449
2726 2725 5450
2726 2727 5451
2727 2726 5452
2727 2728 5453
2728 2727 5454
2728 2729 5455
2729 2728 5456
2729 2730 5457
2730 2729 5458
2730 2731 5459
2731 2730 5460
2731 2732 5461
2732 2731 5462
2732 2733 5463
2733 2732 5464
2733 2734 5465
2734 2733 5466
2734 2735 5467
2735 2734 5468
2735 2736 5469
2736 2735 5470
2736 2737 5471
2737 2736 5472
2737 2738 5473
2738 2737 5474
2738 2739 5475
2739 2738 5476
2739 2740 5477
2740 2739 5478
2740 2741 5479
2741 2740 5480
2741 2742 5481
2742 2741 5482
2742 2743 5483
2743 2742 5484
2743 2744 5485
2744 2743 5486
2744 2745 5487
2745 2744 5488
2745 2746 5489
2746 2745 5490
2746 2747 5491
2747 2746 5492
2747 2748 5493
2748 2747 5494
2748 2749 5495
2749 2748 5496
2749 2750 5497
2750 2749 5498
2750 2751 5499
2751 2750 5500
2751 2752 5501
2752 2751 5502
2752 2753 5503
2753 2752 5504
2753 2754 5505
2754 2753 5506
2754 2755 5507
2755 2754 5508
2755 2756 5509
2756 2755 5510
2756 2757 5511
2757 2756 5512
2757 2758 5513
2758 2757 5514
2758 2759 5515
2759 2758 5516
2759 2760 5517
2760 2759 5518
2760 2761 5519
2761 2760 5520
2761 2762 5521
2762 2761 5522
2762 2763 5523
2763 2762 5524
2763 2764 5525
2764 2763 5526
2764 2765 5527
2765 2764 5528
2765 2766 5529
2766 2765 5530
2766 2767 5531
2767 2766 5532
2767 2768 5533
2768 2767 5534
2768 2769 5535
2769 2768 5536
2769 2770 5537
2770 2769 5538
2770 2771 5539
2771 2770 5540
2771 2772 5541
2772 2771 5542
2772 2773 5543
2773 2772 5544
2773 2774 5545
2774 2773 5546
2774 2775 5547
2775 2774 5548
2775 2776 5549
2776 2775 5550
2776 2777 5551
2777 2776 5552
2777 2778 5553
2778 2777 5554
2778 2779 5555
2779 2778 5556
2779 2780 5557
2780 2779 5558
2780 2781 5559
2781 2780 5560
2781 2782 5561
2782 2781 5562
2782 2783 5563
2783 2782 5564
2783 2784 5565
2784 2783 5566
2784 2785 5567
2785 2784 5568
2785 2786 5569
2786 2785 5570
2786 2787 5571
2787 2786 5572
2787 2788 5573
2788 2787 5574
2788 2789 5575
2789 2788 5576
2789 2790 5577
2790 2789 5578
2790 2791 5579
2791 2790 5580
2791 2792 5581
2792 2791 5582
2792 2793 5583
2793 2792 5584
2793 2794 5585
2794 2793 5586
2794 2795 5587
2795 2794 5588
2795 2796 5589
2796 2795 5590
2796 2797 5591
2797 2796 5592
2797 2798 5593
2798 2797 5594
2798 2799 5595
2799 2798 5596
2799 2800 5597
2800 2799 5598
2800 2801 5599
2801 2800 5600
2801 2802 5601
2802 2801 5602
2802 2803 5603
2803 2802 5604
2803 2804 5605
2804 2803 5606
2804 2805 5607
2805 2804 5608
2805 2806 5609
2806 2805 5610
2806 2807 5611
2807 2806 5612
2807 2808 5613
2808 2807 5614
2808 2809 5615
2809 2808 5616
2809 2810 5617
2810 2809 5618
2810 2811 5619
2811 2810 5620
2811 2812 5621
2812 2811 5622
2812 2813 5623
2813 2812 5624
2813 2814 5625
2814 2813 5626
2814 2815 5627
2815 2814 5628
2815 2816 5629
2816 2815 5630
2816 2817 5631
2817 2816 5632
2817 2818 5633
2818 2817 5634
2818 2819 5635
2819 2818 5636
2819 2820 5637
2820 2819 5638
2820 2821 5639
2821 2820 5640
2821 2822 5641
2822 2821 5642
2822 2823 5643
2823 2822 5644
2823 2824 5645
2824 2823 5646
2824 2825 5647
2825 2824 5648
2825 2826 5649
2826 2825 5650
2826 2827 5651
2827 2826 5652
2827 2828 5653
2828 2827 5654
2828 2829 5655
2829 2828 5656
2829 2830 5657
2830 2829 5658
2830 2831 5659
2831 2830 5660
2831 2832 5661
2832 2831 5662
2832 2833 5663
2833 2832 5664
2833 2834 5665
2834 2833 5666
2834 2835 5667
2835 2834 5668
2835 2836 5669
2836 2835 5670
2836 2837 5671
2837 2836 5672
2837 2838 5673
2838 2837 5674
2838 2839 5675
2839 2838 5676
2839 2840 5677
2840 2839 5678
2840 2841 5679
2841 2840 5680
2841 2842 5681
2842 2841 5682
2842 2843 5683
2843 2842 5684
2843 2844 5685
2844 2843 5686
2844 2845 5687
2845 2844 5688
2845 2846 5689
2846 2845 5690
2846 2847 5691
2847 2846 5692
2847 2848 5693
2848 2847 5694
2848 2849 5695
2849 2848 5696
2849 2850 5697
2850 2849 5698
2850 2851 5699
2851 2850 5700
2851 2852 5701
2852 2851 5702
2852 2853 5703
2853 2852 5704
2853 2854 5705
2854 2853 5706
2854 2855 5707
2855 2854 5708
2855 2856 5709
2856 2855 5710
2856 2857 5711
2857 2856 5712
2857 2858 5713
2858 2857 5714
2858 2859 5715
2859 2858 5716
2859 2860 5717
2860 2859 5718
2860 2861 5719
2861 2860 5720
2861 2862 5721
2862 2861 5722
2862 2863 5723
2863 2862 5724
2863 2864 5725
2864 2863 5726
2864 2865 5727
2865 2864 5728
2865 2866 5729
2866 2865 5730
2866 2867 5731
2867 2866 5732
2867 2868 5733
2868 2867 5734
2868 2869 5735
2869 2868 5736
2869 2870 5737
2870 2869 5738
2870 2871 5739
2871 2870 5740
2871 2872 5741
2872 2871 5742
2872 2873 5743
2873 2872 5744
2873 2874 5745
2874 2873 5746
2874 2875 5747
2875 2874 5748
2875 2876 5749
2876 2875 5750
2876 2877 5751
2877 2876 5752
2877 2878 5753
2878 2877 5754
2878 2879 5755
2879 2878 5756
2879 2880 5757
2880 2879 5758
2880 2881 5759
2881 2880 5760
2881 2882 5761
2882 2881 5762
2882 2883 5763
2883 2882 5764
2883 2884 5765
2884 2883 5766
2884 2885 5767
2885 2884 5768
2885 2886 5769
2886 2885 5770
2886 2887 5771
2887 2886 5772
2887 2888 5773
2888 2887 5774
2888 2889 5775
2889 2888 5776
2889 2890 5777
2890 2889 5778
2890 2891 5779
2891 2890 5780
2891 2892 5781
2892 2891 5782
2892 2893 5783
2893 2892 5784
2893 2894 5785
2894 2893 5786
2894 2895 5787
2895 2894 5788
2895 2896 5789
2896 2895 5790
2896 2897 5791
2897 2896 5792
2897 2898 5793
2898 2897 5794
2898 2899 5795
2899 2898 5796
2899 2900 5797
2900 2899 5798
2900 2901 5799
2901 2900 5800
2901 2902 5801
2902 2901 5802
2902 2903 5803
2903 2902 5804
2903 2904 5805
2904 2903 5806
2904 2905 5807
2905 2904 5808
2905 2906 5809
2906 2905 5810
2906 2907 5811
2907 2906 5812
2907 2908 5813
2908 2907 5814
2908 2909 5815
2909 2908 5816
2909 2910 5817
2910 2909 5818
2910 2911 5819
2911 2910 5820
2911 2912 5821
2912 2911 5822
2912 2913 5823
2913 2912 5824
2913 2914 5825
2914 2913 5826
2914 2915 5827
2915 2914 5828
2915 2916 5829
2916 2915 5830
2916 2917 5831
2917 2916 5832
2917 2918 5833
2918 2917 5834
2918 2919 5835
2919 2918 5836
2919 2920 5837
2920 2919 5838
2920 2921 5839
2921 2920 5840
2921 2922 5841
2922 2921 5842
2922 2923 5843
2923 2922 5844
2923 2924 5845
2924 2923 5846
2924 2925 5847
2925 2924 5848
2925 2926 5849
2926 2925 5850
2926 2927 5851
2927 2926 5852
2927 2928 5853
2928 2927 5854
2928 2929 5855
2929 2928 5856
2929 2930 5857
2930 2929 5858
2930 2931 5859
2931 2930 5860
2931 2932 5861
2932 2931 5862
2932 2933 5863
2933 2932 5864
2933 2934 5865
2934 2933 5866
2934 2935 5867
2935 2934 5868
2935 2936 5869
2936 2935 5870
2936 2937 5871
2937 2936 5872
2937 2938 5873
2938 2937 5874
2938 2939 5875
2939 2938 5876
2939 2940 5877
2940 2939 5878
2940 2941 5879
2941 2940 5880
2941 2942 5881
2942 2941 5882
2942 2943 5883
2943 2942 5884
2943 2944 5885
2944 2943 5886
2944 2945 5887
2945 2944 5888
2945 2946 5889
2946 2945 5890
2946 2947 5891
2947 2946 5892
2947 2948 5893
2948 2947 5894
2948 2949 5895
2949 2948 5896
2949 2950 5897
2950 2949 5898
2950 2951 5899
2951 2950 5900
2951 2952 5901
2952 2951 5902
2952 2953 5903
2953 2952 5904
2953 2954 5905
2954 2953 5906
2954 2955 5907
2955 2954 5908
2955 2956 5909
2956 2955 5910
2956 2957 5911
2957 2956 5912
2957 2958 5913
2958 2957 5914
2958 2959 5915
2959 2958 5916
2959 2960 5917
2960 2959 5918
2960 2961 5919
2961 2960 5920
2961 2962 5921
2962 2961 5922
2962 2963 5923
2963 2962 5924
2963 2964 5925
2964 2963 5926
2964 2965 5927
2965 2964 5928
2965 2966 5929
2966 2965 5930
2966 2967 5931
2967 2966 5932
2967 2968 5933
2968 2967 5934
2968 2969 5935
2969 2968 5936
2969 2970 5937
2970 2969 5938
2970 2971 5939
2971 2970 5940
2971 2972 5941
2972 2971 5942
2972 2973 5943
2973 2972 5944
2973 2974 5945
2974 2973 5946
2974 2975 5947
2975 2974 5948
2975 2976 5949
2976 2975 5950
2976 2977 5951
2977 2976 5952
2977 2978 5953
2978 2977 5954
2978 2979 5955
2979 2978 5956
2979 2980 5957
2980 2979 5958
2980 2981 5959
2981 2980 5960
2981 2982 5961
2982 2981 5962
2982 2983 5963
2983 2982 5964
2983 2984 5965
2984 2983 5966
2984 2985 5967
2985 2984 5968
2985 2986 5969
2986 2985 5970
2986 2987 5971
2987 2986 5972
2987 2988 5973
2988 2987 5974
2988 2989 5975
2989 2988 5976
2989 2990 5977
2990 2989 5978
2990 2991 5979
2991 2990 5980
2991 2992 5981
2992 2991 5982
2992 2993 5983
2993 2992 5984
2993 2994 5985
2994 2993 5986
2994 2995 5987
2995 2994 5988
2995 2996 5989
2996 2995 5990
2996 2997 5991
2997 2996 5992
2997 2998 5993
2998 2997 5994
2998 2999 5995
2999 2998 5996
0 2999 5997
