1000 1997
1 2 1
2 1 2
2 3 3
3 2 4
3 4 5
4 3 6
4 5 7
5 4 8
5 6 9
6 5 10
6 7 11
7 6 12
7 8 13
8 7 14
8 9 15
9 8 16
9 10 17
10 9 18
10 11 19
11 10 20
11 12 21
12 11 22
12 13 23
13 12 24
13 14 25
14 13 26
14 15 27
15 14 28
15 16 29
16 15 30
16 17 31
17 16 32
17 18 33
18 17 34
18 19 35
19 18 36
19 20 37
20 19 38
20 21 39
21 20 40
21 22 41
22 21 42
22 23 43
23 22 44
23 24 45
24 23 46
24 25 47
25 24 48
25 26 49
26 25 50
26 27 51
27 26 52
27 28 53
28 27 54
28 29 55
29 28 56
29 30 57
30 29 58
30 31 59
31 30 60
31 32 61
32 31 62
32 33 63
33 32 64
33 34 65
34 33 66
34 35 67
35 34 68
35 36 69
36 35 70
36 37 71
37 36 72
37 38 73
38 37 74
38 39 75
39 38 76
39 40 77
40 39 78
40 41 79
41 40 80
41 42 81
42 41 82
42 43 83
43 42 84
43 44 85
44 43 86
44 45 87
45 44 88
45 46 89
46 45 90
46 47 91
47 46 92
47 48 93
48 47 94
48 49 95
49 48 96
49 50 97
50 49 98
50 51 99
51 50 100
51 52 101
52 51 102
52 53 103
53 52 104
53 54 105
54 53 106
54 55 107
55 54 108
55 56 109
56 55 110
56 57 111
57 56 112
57 58 113
58 57 114
58 59 115
59 58 116
59 60 117
60 59 118
60 61 119
61 60 120
61 62 121
62 61 122
62 63 123
63 62 124
63 64 125
64 63 126
64 65 127
65 64 128
65 66 129
66 65 130
66 67 131
67 66 132
67 68 133
68 67 134
68 69 135
69 68 136
69 70 137
70 69 138
70 71 139
71 70 140
71 72 141
72 71 142
72 73 143
73 72 144
73 74 145
74 73 146
74 75 147
75 74 148
75 76 149
76 75 150
76 77 151
77 76 152
77 78 153
78 77 154
78 79 155
79 78 156
79 80 157
80 79 158
80 81 159
81 80 160
81 82 161
82 81 162
82 83 163
83 82 164
83 84 165
84 83 166
84 85 167
85 84 168
85 86 169
86 85 170
86 87 171
87 86 172
87 88 173
88 87 174
88 89 175
89 88 176
89 90 177
90 89 178
90 91 179
91 90 180
91 92 181
92 91 182
92 93 183
93 92 184
93 94 185
94 93 186
94 95 187
95 94 188
95 96 189
96 95 190
96 97 191
97 96 192
97 98 193
98 97 194
98 99 195
99 98 196
99 100 197
100 99 198
100 101 199
101 100 200
101 102 201
102 101 202
102 103 203
103 102 204
103 104 205
104 103 206
104 105 207
105 104 208
105 106 209
106 105 210
106 107 211
107 106 212
107 108 213
108 107 214
108 109 215
109 108 216
109 110 217
110 109 218
110 111 219
111 110 220
111 112 221
112 111 222
112 113 223
113 112 224
113 114 225
114 113 226
114 115 227
115 114 228
115 116 229
116 115 230
116 117 231
117 116 232
117 118 233
118 117 234
118 119 235
119 118 236
119 120 237
120 119 238
120 121 239
121 120 240
121 122 241
122 121 242
122 123 243
123 122 244
123 124 245
124 123 246
124 125 247
125 124 248
125 126 249
126 125 250
126 127 251
127 126 252
127 128 253
128 127 254
128 129 255
129 128 256
129 130 257
130 129 258
130 131 259
131 130 260
131 132 261
132 131 262
132 133 263
133 132 264
133 134 265
134 133 266
134 135 267
135 134 268
135 136 269
136 135 270
136 137 271
137 136 272
137 138 273
138 137 274
138 139 275
139 138 276
139 140 277
140 139 278
140 141 279
141 140 280
141 142 281
142 141 282
142 143 283
143 142 284
143 144 285
144 143 286
144 145 287
145 144 288
145 146 289
146 145 290
146 147 291
147 146 292
147 148 293
148 147 294
148 149 295
149 148 296
149 150 297
150 149 298
150 151 299
151 150 300
151 152 301
152 151 302
152 153 303
153 152 304
153 154 305
154 153 306
154 155 307
155 154 308
155 156 309
156 155 310
156 157 311
157 156 312
157 158 313
158 157 314
158 159 315
159 158 316
159 160 317
160 159 318
160 161 319
161 160 320
161 162 321
162 161 322
162 163 323
163 162 324
163 164 325
164 163 326
164 165 327
165 164 328
165 166 329
166 165 330
166 167 331
167 166 332
167 168 333
168 167 334
168 169 335
169 168 336
169 170 337
170 169 338
170 171 339
171 170 340
171 172 341
172 171 342
172 173 343
173 172 344
173 174 345
174 173 346
174 175 347
175 174 348
175 176 349
176 175 350
176 177 351
177 176 352
177 178 353
178 177 354
178 179 355
179 178 356
179 180 357
180 179 358
180 181 359
181 180 360
181 182 361
182 181 362
182 183 363
183 182 364
183 184 365
184 183 366
184 185 367
185 184 368
185 186 369
186 185 370
186 187 371
187 186 372
187 188 373
188 187 374
188 189 375
189 188 376
189 190 377
190 189 378
190 191 379
191 190 380
191 192 381
192 191 382
192 193 383
193 192 384
193 194 385
194 193 386
194 195 387
195 194 388
195 196 389
196 195 390
196 197 391
197 196 392
197 198 393
198 197 394
198 199 395
199 198 396
199 200 397
200 199 398
200 201 399
201 200 400
201 202 401
202 201 402
202 203 403
203 202 404
203 204 405
204 203 406
204 205 407
205 204 408
205 206 409
206 205 410
206 207 411
207 206 412
207 208 413
208 207 414
208 209 415
209 208 416
209 210 417
210 209 418
210 211 419
211 210 420
211 212 421
212 211 422
212 213 423
213 212 424
213 214 425
214 213 426
214 215 427
215 214 428
215 216 429
216 215 430
216 217 431
217 216 432
217 218 433
218 217 434
218 219 435
219 218 436
219 220 437
220 219 438
220 221 439
221 220 440
221 222 441
222 221 442
222 223 443
223 222 444
223 224 445
224 223 446
224 225 447
225 224 448
225 226 449
226 225 450
226 227 451
227 226 452
227 228 453
228 227 454
228 229 455
229 228 456
229 230 457
230 229 458
230 231 459
231 230 460
231 232 461
232 231 462
232 233 463
233 232 464
233 234 465
234 233 466
234 235 467
235 234 468
235 236 469
236 235 470
236 237 471
237 236 472
237 238 473
238 237 474
238 239 475
239 238 476
239 240 477
240 239 478
240 241 479
241 240 480
241 242 481
242 241 482
242 243 483
243 242 484
243 244 485
244 243 486
244 245 487
245 244 488
245 246 489
246 245 490
246 247 491
247 246 492
247 248 493
248 247 494
248 249 495
249 248 496
249 250 497
250 249 498
250 251 499
251 250 500
251 252 501
252 251 502
252 253 503
253 252 504
253 254 505
254 253 506
254 255 507
255 254 508
255 256 509
256 255 510
256 257 511
257 256 512
257 258 513
258 257 514
258 259 515
259 258 516
259 260 517
260 259 518
260 261 519
261 260 520
261 262 521
262 261 522
262 263 523
263 262 524
263 264 525
264 263 526
264 265 527
265 264 528
265 266 529
266 265 530
266 267 531
267 266 532
267 268 533
268 267 534
268 269 535
269 268 536
269 270 537
270 269 538
270 271 539
271 270 540
271 272 541
272 271 542
272 273 543
273 272 544
273 274 545
274 273 546
274 275 547
275 274 548
275 276 549
276 275 550
276 277 551
277 276 552
277 278 553
278 277 554
278 279 555
279 278 556
279 280 557
280 279 558
280 281 559
281 280 560
281 282 561
282 281 562
282 283 563
283 282 564
283 284 565
284 283 566
284 285 567
285 284 568
285 286 569
286 285 570
286 287 571
287 286 572
287 288 573
288 287 574
288 289 575
289 288 576
289 290 577
290 289 578
290 291 579
291 290 580
291 292 581
292 291 582
292 293 583
293 292 584
293 294 585
294 293 586
294 295 587
295 294 588
295 296 589
296 295 590
296 297 591
297 296 592
297 298 593
298 297 594
298 299 595
299 298 596
299 300 597
300 299 598
300 301 599
301 300 600
301 302 601
302 301 602
302 303 603
303 302 604
303 304 605
304 303 606
304 305 607
305 304 608
305 306 609
306 305 610
306 307 611
307 306 612
307 308 613
308 307 614
308 309 615
309 308 616
309 310 617
310 309 618
310 311 619
311 310 620
311 312 621
312 311 622
312 313 623
313 312 624
313 314 625
314 313 626
314 315 627
315 314 628
315 316 629
316 315 630
316 317 631
317 316 632
317 318 633
318 317 634
318 319 635
319 318 636
319 320 637
320 319 638
320 321 639
321 320 640
321 322 641
322 321 642
322 323 643
323 322 644
323 324 645
324 323 646
324 325 647
325 324 648
325 326 649
326 325 650
326 327 651
327 326 652
327 328 653
328 327 654
328 329 655
329 328 656
329 330 657
330 329 658
330 331 659
331 330 660
331 332 661
332 331 662
332 333 663
333 332 664
333 334 665
334 333 666
334 335 667
335 334 668
335 336 669
336 335 670
336 337 671
337 336 672
337 338 673
338 337 674
338 339 675
339 338 676
339 340 677
340 339 678
340 341 679
341 340 680
341 342 681
342 341 682
342 343 683
343 342 684
343 344 685
344 343 686
344 345 687
345 344 688
345 346 689
346 345 690
346 347 691
347 346 692
347 348 693
348 347 694
348 349 695
349 348 696
349 350 697
350 349 698
350 351 699
351 350 700
351 352 701
352 351 702
352 353 703
353 352 704
353 354 705
354 353 706
354 355 707
355 354 708
355 356 709
356 355 710
356 357 711
357 356 712
357 358 713
358 357 714
358 359 715
359 358 716
359 360 717
360 359 718
360 361 719
361 360 720
361 362 721
362 361 722
362 363 723
363 362 724
363 364 725
364 363 726
364 365 727
365 364 728
365 366 729
366 365 730
366 367 731
367 366 732
367 368 733
368 367 734
368 369 735
369 368 736
369 370 737
370 369 738
370 371 739
371 370 740
371 372 741
372 371 742
372 373 743
373 372 744
373 374 745
374 373 746
374 375 747
375 374 748
375 376 749
376 375 750
376 377 751
377 376 752
377 378 753
378 377 754
378 379 755
379 378 756
379 380 757
380 379 758
380 381 759
381 380 760
381 382 761
382 381 762
382 383 763
383 382 764
383 384 765
384 383 766
384 385 767
385 384 768
385 386 769
386 385 770
386 387 771
387 386 772
387 388 773
388 387 774
388 389 775
389 388 776
389 390 777
390 389 778
390 391 779
391 390 780
391 392 781
392 391 782
392 393 783
393 392 784
393 394 785
394 393 786
394 395 787
395 394 788
395 396 789
396 395 790
396 397 791
397 396 792
397 398 793
398 397 794
398 399 795
399 398 796
399 400 797
400 399 798
400 401 799
401 400 800
401 402 801
402 401 802
402 403 803
403 402 804
403 404 805
404 403 806
404 405 807
405 404 808
405 406 809
406 405 810
406 407 811
407 406 812
407 408 813
408 407 814
408 409 815
409 408 816
409 410 817
410 409 818
410 411 819
411 410 820
411 412 821
412 411 822
412 413 823
413 412 824
413 414 825
414 413 826
414 415 827
415 414 828
415 416 829
416 415 830
416 417 831
417 416 832
417 418 833
418 417 834
418 419 835
419 418 836
419 420 837
420 419 838
420 421 839
421 420 840
421 422 841
422 421 842
422 423 843
423 422 844
423 424 845
424 423 846
424 425 847
425 424 848
425 426 849
426 425 850
426 427 851
427 426 852
427 428 853
428 427 854
428 429 855
429 428 856
429 430 857
430 429 858
430 431 859
431 430 860
431 432 861
432 431 862
432 433 863
433 432 864
433 434 865
434 433 866
434 435 867
435 434 868
435 436 869
436 435 870
436 437 871
437 436 872
437 438 873
438 437 874
438 439 875
439 438 876
439 440 877
440 439 878
440 441 879
441 440 880
441 442 881
442 441 882
442 443 883
443 442 884
443 444 885
444 443 886
444 445 887
445 444 888
445 446 889
446 445 890
446 447 891
447 446 892
447 448 893
448 447 894
448 449 895
449 448 896
449 450 897
450 449 898
450 451 899
451 450 900
451 452 901
452 451 902
452 453 903
453 452 904
453 454 905
454 453 906
454 455 907
455 454 908
455 456 909
456 455 910
456 457 911
457 456 912
457 458 913
458 457 914
458 459 915
459 458 916
459 460 917
460 459 918
460 461 919
461 460 920
461 462 921
462 461 922
462 463 923
463 462 924
463 464 925
464 463 926
464 465 927
465 464 928
465 466 929
466 465 930
466 467 931
467 466 932
467 468 933
468 467 934
468 469 935
469 468 936
469 470 937
470 469 938
470 471 939
471 470 940
471 472 941
472 471 942
472 473 943
473 472 944
473 474 945
474 473 946
474 475 947
475 474 948
475 476 949
476 475 950
476 477 951
477 476 952
477 478 953
478 477 954
478 479 955
479 478 956
479 480 957
480 479 958
480 481 959
481 480 960
481 482 961
482 481 962
482 483 963
483 482 964
483 484 965
484 483 966
484 485 967
485 484 968
485 486 969
486 485 970
486 487 971
487 486 972
487 488 973
488 487 974
488 489 975
489 488 976
489 490 977
490 489 978
490 491 979
491 490 980
491 492 981
492 491 982
492 493 983
493 492 984
493 494 985
494 493 986
494 495 987
495 494 988
495 496 989
496 495 990
496 497 991
497 496 992
497 498 993
498 497 994
498 499 995
499 498 996
499 500 997
500 499 998
500 501 999
501 500 1000
501 502 1001
502 501 1002
502 503 1003
503 502 1004
503 504 1005
504 503 1006
504 505 1007
505 504 1008
505 506 1009
506 505 1010
506 507 1011
507 506 1012
507 508 1013
508 507 1014
508 509 1015
509 508 1016
509 510 1017
510 509 1018
510 511 1019
511 510 1020
511 512 1021
512 511 1022
512 513 1023
513 512 1024
513 514 1025
514 513 1026
514 515 1027
515 514 1028
515 516 1029
516 515 1030
516 517 1031
517 516 1032
517 518 1033
518 517 1034
518 519 1035
519 518 1036
519 520 1037
520 519 1038
520 521 1039
521 520 1040
521 522 1041
522 521 1042
522 523 1043
523 522 1044
523 524 1045
524 523 1046
524 525 1047
525 524 1048
525 526 1049
526 525 1050
526 527 1051
527 526 1052
527 528 1053
528 527 1054
528 529 1055
529 528 1056
529 530 1057
530 529 1058
530 531 1059
531 530 1060
531 532 1061
532 531 1062
532 533 1063
533 532 1064
533 534 1065
534 533 1066
534 535 1067
535 534 1068
535 536 1069
536 535 1070
536 537 1071
537 536 1072
537 538 1073
538 537 1074
538 539 1075
539 538 1076
539 540 1077
540 539 1078
540 541 1079
541 540 1080
541 542 1081
542 541 1082
542 543 1083
543 542 1084
543 544 1085
544 543 1086
544 545 1087
545 544 1088
545 546 1089
546 545 1090
546 547 1091
547 546 1092
547 548 1093
548 547 1094
548 549 1095
549 548 1096
549 550 1097
550 549 1098
550 551 1099
551 550 1100
551 552 1101
552 551 1102
552 553 1103
553 552 1104
553 554 1105
554 553 1106
554 555 1107
555 554 1108
555 556 1109
556 555 1110
556 557 1111
557 556 1112
557 558 1113
558 557 1114
558 559 1115
559 558 1116
559 560 1117
560 559 1118
560 561 1119
561 560 1120
561 562 1121
562 561 1122
562 563 1123
563 562 1124
563 564 1125
564 563 1126
564 565 1127
565 564 1128
565 566 1129
566 565 1130
566 567 1131
567 566 1132
567 568 1133
568 567 1134
568 569 1135
569 568 1136
569 570 1137
570 569 1138
570 571 1139
571 570 1140
571 572 1141
572 571 1142
572 573 1143
573 572 1144
573 574 1145
574 573 1146
574 575 1147
575 574 1148
575 576 1149
576 575 1150
576 577 1151
577 576 1152
577 578 1153
578 577 1154
578 579 1155
579 578 1156
579 580 1157
580 579 1158
580 581 1159
581 580 1160
581 582 1161
582 581 1162
582 583 1163
583 582 1164
583 584 1165
584 583 1166
584 585 1167
585 584 1168
585 586 1169
586 585 1170
586 587 1171
587 586 1172
587 588 1173
588 587 1174
588 589 1175
589 588 1176
589 590 1177
590 589 1178
590 591 1179
591 590 1180
591 592 1181
592 591 1182
592 593 1183
593 592 1184
593 594 1185
594 593 1186
594 595 1187
595 594 1188
595 596 1189
596 595 1190
596 597 1191
597 596 1192
597 598 1193
598 597 1194
598 599 1195
599 598 1196
599 600 1197
600 599 1198
600 601 1199
601 600 1200
601 602 1201
602 601 1202
602 603 1203
603 602 1204
603 604 1205
604 603 1206
604 605 1207
605 604 1208
605 606 1209
606 605 1210
606 607 1211
607 606 1212
607 608 1213
608 607 1214
608 609 1215
609 608 1216
609 610 1217
610 609 1218
610 611 1219
611 610 1220
611 612 1221
612 611 1222
612 613 1223
613 612 1224
613 614 1225
614 613 1226
614 615 1227
615 614 1228
615 616 1229
616 615 1230
616 617 1231
617 616 1232
617 618 1233
618 617 1234
618 619 1235
619 618 1236
619 620 1237
620 619 1238
620 621 1239
621 620 1240
621 622 1241
622 621 1242
622 623 1243
623 622 1244
623 624 1245
624 623 1246
624 625 1247
625 624 1248
625 626 1249
626 625 1250
626 627 1251
627 626 1252
627 628 1253
628 627 1254
628 629 1255
629 628 1256
629 630 1257
630 629 1258
630 631 1259
631 630 1260
631 632 1261
632 631 1262
632 633 1263
633 632 1264
633 634 1265
634 633 1266
634 635 1267
635 634 1268
635 636 1269
636 635 1270
636 637 1271
637 636 1272
637 638 1273
638 637 1274
638 639 1275
639 638 1276
639 640 1277
640 639 1278
640 641 1279
641 640 1280
641 642 1281
642 641 1282
642 643 1283
643 642 1284
643 644 1285
644 643 1286
644 645 1287
645 644 1288
645 646 1289
646 645 1290
646 647 1291
647 646 1292
647 648 1293
648 647 1294
648 649 1295
649 648 1296
649 650 1297
650 649 1298
650 651 1299
651 650 1300
651 652 1301
652 651 1302
652 653 1303
653 652 1304
653 654 1305
654 653 1306
654 655 1307
655 654 1308
655 656 1309
656 655 1310
656 657 1311
657 656 1312
657 658 1313
658 657 1314
658 659 1315
659 658 1316
659 660 1317
660 659 1318
660 661 1319
661 660 1320
661 662 1321
662 661 1322
662 663 1323
663 662 1324
663 664 1325
664 663 1326
664 665 1327
665 664 1328
665 666 1329
666 665 1330
666 667 1331
667 666 1332
667 668 1333
668 667 1334
668 669 1335
669 668 1336
669 670 1337
670 669 1338
670 671 1339
671 670 1340
671 672 1341
672 671 1342
672 673 1343
673 672 1344
673 674 1345
674 673 1346
674 675 1347
675 674 1348
675 676 1349
676 675 1350
676 677 1351
677 676 1352
677 678 1353
678 677 1354
678 679 1355
679 678 1356
679 680 1357
680 679 1358
680 681 1359
681 680 1360
681 682 1361
682 681 1362
682 683 1363
683 682 1364
683 684 1365
684 683 1366
684 685 1367
685 684 1368
685 686 1369
686 685 1370
686 687 1371
687 686 1372
687 688 1373
688 687 1374
688 689 1375
689 688 1376
689 690 1377
690 689 1378
690 691 1379
691 690 1380
691 692 1381
692 691 1382
692 693 1383
693 692 1384
693 694 1385
694 693 1386
694 695 1387
695 694 1388
695 696 1389
696 695 1390
696 697 1391
697 696 1392
697 698 1393
698 697 1394
698 699 1395
699 698 1396
699 700 1397
700 699 1398
700 701 1399
701 700 1400
701 702 1401
702 701 1402
702 703 1403
703 702 1404
703 704 1405
704 703 1406
704 705 1407
705 704 1408
705 706 1409
706 705 1410
706 707 1411
707 706 1412
707 708 1413
708 707 1414
708 709 1415
709 708 1416
709 710 1417
710 709 1418
710 711 1419
711 710 1420
711 712 1421
712 711 1422
712 713 1423
713 712 1424
713 714 1425
714 713 1426
714 715 1427
715 714 1428
715 716 1429
716 715 1430
716 717 1431
717 716 1432
717 718 1433
718 717 1434
718 719 1435
719 718 1436
719 720 1437
720 719 1438
720 721 1439
721 720 1440
721 722 1441
722 721 1442
722 723 1443
723 722 1444
723 724 1445
724 723 1446
724 725 1447
725 724 1448
725 726 1449
726 725 1450
726 727 1451
727 726 1452
727 728 1453
728 727 1454
728 729 1455
729 728 1456
729 730 1457
730 729 1458
730 731 1459
731 730 1460
731 732 1461
732 731 1462
732 733 1463
733 732 1464
733 734 1465
734 733 1466
734 735 1467
735 734 1468
735 736 1469
736 735 1470
736 737 1471
737 736 1472
737 738 1473
738 737 1474
738 739 1475
739 738 1476
739 740 1477
740 739 1478
740 741 1479
741 740 1480
741 742 1481
742 741 1482
742 743 1483
743 742 1484
743 744 1485
744 743 1486
744 745 1487
745 744 1488
745 746 1489
746 745 1490
746 747 1491
747 746 1492
747 748 1493
748 747 1494
748 749 1495
749 748 1496
749 750 1497
750 749 1498
750 751 1499
751 750 1500
751 752 1501
752 751 1502
752 753 1503
753 752 1504
753 754 1505
754 753 1506
754 755 1507
755 754 1508
755 756 1509
756 755 1510
756 757 1511
757 756 1512
757 758 1513
758 757 1514
758 759 1515
759 758 1516
759 760 1517
760 759 1518
760 761 1519
761 760 1520
761 762 1521
762 761 1522
762 763 1523
763 762 1524
763 764 1525
764 763 1526
764 765 1527
765 764 1528
765 766 1529
766 765 1530
766 767 1531
767 766 1532
767 768 1533
768 767 1534
768 769 1535
769 768 1536
769 770 1537
770 769 1538
770 771 1539
771 770 1540
771 772 1541
772 771 1542
772 773 1543
773 772 1544
773 774 1545
774 773 1546
774 775 1547
775 774 1548
775 776 1549
776 775 1550
776 777 1551
777 776 1552
777 778 1553
778 777 1554
778 779 1555
779 778 1556
779 780 1557
780 779 1558
780 781 1559
781 780 1560
781 782 1561
782 781 1562
782 783 1563
783 782 1564
783 784 1565
784 783 1566
784 785 1567
785 784 1568
785 786 1569
786 785 1570
786 787 1571
787 786 1572
787 788 1573
788 787 1574
788 789 1575
789 788 1576
789 790 1577
790 789 1578
790 791 1579
791 790 1580
791 792 1581
792 791 1582
792 793 1583
793 792 1584
793 794 1585
794 793 1586
794 795 1587
795 794 1588
795 796 1589
796 795 1590
796 797 1591
797 796 1592
797 798 1593
798 797 1594
798 799 1595
799 798 1596
799 800 1597
800 799 1598
800 801 1599
801 800 1600
801 802 1601
802 801 1602
802 803 1603
803 802 1604
803 804 1605
804 803 1606
804 805 1607
805 804 1608
805 806 1609
806 805 1610
806 807 1611
807 806 1612
807 808 1613
808 807 1614
808 809 1615
809 808 1616
809 810 1617
810 809 1618
810 811 1619
811 810 1620
811 812 1621
812 811 1622
812 813 1623
813 812 1624
813 814 1625
814 813 1626
814 815 1627
815 814 1628
815 816 1629
816 815 1630
816 817 1631
817 816 1632
817 818 1633
818 817 1634
818 819 1635
819 818 1636
819 820 1637
820 819 1638
820 821 1639
821 820 1640
821 822 1641
822 821 1642
822 823 1643
823 822 1644
823 824 1645
824 823 1646
824 825 1647
825 824 1648
825 826 1649
826 825 1650
826 827 1651
827 826 1652
827 828 1653
828 827 1654
828 829 1655
829 828 1656
829 830 1657
830 829 1658
830 831 1659
831 830 1660
831 832 1661
832 831 1662
832 833 1663
833 832 1664
833 834 1665
834 833 1666
834 835 1667
835 834 1668
835 836 1669
836 835 1670
836 837 1671
837 836 1672
837 838 1673
838 837 1674
838 839 1675
839 838 1676
839 840 1677
840 839 1678
840 841 1679
841 840 1680
841 842 1681
842 841 1682
842 843 1683
843 842 1684
843 844 1685
844 843 1686
844 845 1687
845 844 1688
845 846 1689
846 845 1690
846 847 1691
847 846 1692
847 848 1693
848 847 1694
848 849 1695
849 848 1696
849 850 1697
850 849 1698
850 851 1699
851 850 1700
851 852 1701
852 851 1702
852 853 1703
853 852 1704
853 854 1705
854 853 1706
854 855 1707
855 854 1708
855 856 1709
856 855 1710
856 857 1711
857 856 1712
857 858 1713
858 857 1714
858 859 1715
859 858 1716
859 860 1717
860 859 1718
860 861 1719
861 860 1720
861 862 1721
862 861 1722
862 863 1723
863 862 1724
863 864 1725
864 863 1726
864 865 1727
865 864 1728
865 866 1729
866 865 1730
866 867 1731
867 866 1732
867 868 1733
868 867 1734
868 869 1735
869 868 1736
869 870 1737
870 869 1738
870 871 1739
871 870 1740
871 872 1741
872 871 1742
872 873 1743
873 872 1744
873 874 1745
874 873 1746
874 875 1747
875 874 1748
875 876 1749
876 875 1750
876 877 1751
877 876 1752
877 878 1753
878 877 1754
878 879 1755
879 878 1756
879 880 1757
880 879 1758
880 881 1759
881 880 1760
881 882 1761
882 881 1762
882 883 1763
883 882 1764
883 884 1765
884 883 1766
884 885 1767
885 884 1768
885 886 1769
886 885 1770
886 887 1771
887 886 1772
887 888 1773
888 887 1774
888 889 1775
889 888 1776
889 890 1777
890 889 1778
890 891 1779
891 890 1780
891 892 1781
892 891 1782
892 893 1783
893 892 1784
893 894 1785
894 893 1786
894 895 1787
895 894 1788
895 896 1789
896 895 1790
896 897 1791
897 896 1792
897 898 1793
898 897 1794
898 899 1795
899 898 1796
899 900 1797
900 899 1798
900 901 1799
901 900 1800
901 902 1801
902 901 1802
902 903 1803
903 902 1804
903 904 1805
904 903 1806
904 905 1807
905 904 1808
905 906 1809
906 905 1810
906 907 1811
907 906 1812
907 908 1813
908 907 1814
908 909 1815
909 908 1816
909 910 1817
910 909 1818
910 911 1819
911 910 1820
911 912 1821
912 911 1822
912 913 1823
913 912 1824
913 914 1825
914 913 1826
914 915 1827
915 914 1828
915 916 1829
916 915 1830
916 917 1831
917 916 1832
917 918 1833
918 917 1834
918 919 1835
919 918 1836
919 920 1837
920 919 1838
920 921 1839
921 920 1840
921 922 1841
922 921 1842
922 923 1843
923 922 1844
923 924 1845
924 923 1846
924 925 1847
925 924 1848
925 926 1849
926 925 1850
926 927 1851
927 926 1852
927 928 1853
928 927 1854
928 929 1855
929 928 1856
929 930 1857
930 929 1858
930 931 1859
931 930 1860
931 932 1861
932 931 1862
932 933 1863
933 932 1864
933 934 1865
934 933 1866
934 935 1867
935 934 1868
935 936 1869
936 935 1870
936 937 1871
937 936 1872
937 938 1873
938 937 1874
938 939 1875
939 938 1876
939 940 1877
940 939 1878
940 941 1879
941 940 1880
941 942 1881
942 941 1882
942 943 1883
943 942 1884
943 944 1885
944 943 1886
944 945 1887
945 944 1888
945 946 1889
946 945 1890
946 947 1891
947 946 1892
947 948 1893
948 947 1894
948 949 1895
949 948 1896
949 950 1897
950 949 1898
950 951 1899
951 950 1900
951 952 1901
952 951 1902
952 953 1903
953 952 1904
953 954 1905
954 953 1906
954 955 1907
955 954 1908
955 956 1909
956 955 1910
956 957 1911
957 956 1912
957 958 1913
958 957 1914
958 959 1915
959 958 1916
959 960 1917
960 959 1918
960 961 1919
961 960 1920
961 962 1921
962 961 1922
962 963 1923
963 962 1924
963 964 1925
964 963 1926
964 965 1927
965 964 1928
965 966 1929
966 965 1930
966 967 1931
967 966 1932
967 968 1933
968 967 1934
968 969 1935
969 968 1936
969 970 1937
970 969 1938
970 971 1939
971 970 1940
971 972 1941
972 971 1942
972 973 1943
973 972 1944
973 974 1945
974 973 1946
974 975 1947
975 974 1948
975 976 1949
976 975 1950
976 977 1951
977 976 1952
977 978 1953
978 977 1954
978 979 1955
979 978 1956
979 980 1957
980 979 1958
980 981 1959
981 980 1960
981 982 1961
982 981 1962
982 983 1963
983 982 1964
983 984 1965
984 983 1966
984 985 1967
985 984 1968
985 986 1969
986 985 1970
986 987 1971
987 986 1972
987 988 1973
988 987 1974
988 989 1975
989 988 1976
989 990 1977
990 989 1978
990 991 1979
991 990 1980
991 992 1981
992 991 1982
992 993 1983
993 992 1984
993 994 1985
994 993 1986
994 995 1987
995 994 1988
995 996 1989
996 995 1990
996 997 1991
997 996 1992
997 998 1993
998 997 1994
998 999 1995
999 998 1996
0 999 1997
